(2838, 70409) : 2
(1416, 64260) : 2
(6004, 28495) : 2
(31519, 53464) : 2
(4374, 6259, 10471) : 2
(6259, 10471) : 2
(4374, 10471) : 2
(60, 11086) : 2
(6412, 84882) : 2
(1526, 82803) : 2
(4558, 10002, 57305) : 2
(10002, 57305) : 2
(4558, 57305) : 2
(4587, 64773) : 2
(5817, 47932) : 2
(4495, 31429) : 2
(4587, 38379) : 2
(4558, 10002, 49029) : 2
(10002, 49029) : 2
(4558, 49029) : 2
(2759, 98498) : 2
(19181, 22484, 23100, 31595, 99083) : 2
(31595, 99083) : 2
(19181, 22484, 23100, 99083) : 2
(23100, 99083) : 2
(19181, 22484, 99083) : 2
(22484, 99083) : 2
(19181, 99083) : 2
(3579, 83242) : 2
(4558, 10002, 97478) : 2
(10002, 97478) : 2
(4558, 97478) : 2
(31519, 87256) : 2
(988, 11470) : 2
(119, 91294) : 2
(11780, 45724) : 2
(824, 22569) : 2
(1089, 8529, 16115, 76607) : 2
(16115, 76607) : 2
(1089, 8529, 76607) : 2
(8529, 76607) : 2
(1089, 76607) : 2
(5994, 70472) : 2
(3579, 86040) : 2
(1135, 62484) : 2
(7101, 13460) : 2
(3460, 88913) : 2
(4278, 52448) : 2
(3140, 99481) : 2
(5976, 40280) : 2
(2852, 63985) : 2
(14902, 30716) : 2
(234, 4083) : 2
(374, 14311) : 2
(2544, 5417) : 2
(4654, 48045) : 2
(1429, 1500, 48032) : 2
(1500, 48032) : 2
(1429, 48032) : 2
(14478, 64661) : 2
(4654, 93222) : 2
(5521, 31493) : 2
(4587, 73162) : 2
(1755, 6004, 42429) : 2
(6004, 42429) : 2
(1755, 42429) : 2
(155, 24314) : 2
(674, 5425, 88217) : 2
(5425, 88217) : 2
(674, 88217) : 2
(1932, 4930, 6069, 72873) : 2
(6069, 72873) : 2
(1932, 4930, 72873) : 2
(4930, 72873) : 2
(1932, 72873) : 2
(1462, 13599) : 2
(6146, 10687, 54531) : 2
(10687, 54531) : 2
(6146, 54531) : 2
(1316, 3444, 19760, 70793) : 2
(19760, 70793) : 2
(1316, 3444, 70793) : 2
(3444, 70793) : 2
(1316, 70793) : 2
(1316, 3444, 19760) : 2
(3444, 19760) : 2
(1316, 19760) : 2
(4582, 47885) : 2
(7881, 68575) : 2
(12581, 89168) : 2
(824, 21585) : 2
(150, 74685) : 2
(4194, 75750) : 2
(2200, 79852) : 2
(1871, 49299) : 2
(527, 4211, 4281, 66098) : 2
(4281, 66098) : 2
(527, 4211, 66098) : 2
(4211, 66098) : 2
(527, 66098) : 2
(329, 49690) : 2
(527, 4211, 4281) : 2
(4211, 4281) : 2
(527, 4281) : 2
(4401, 51362) : 2
(11780, 66386) : 2
(17871, 18132, 47164) : 2
(18132, 47164) : 2
(17871, 47164) : 2
(4390, 92149) : 2
(5736, 30676) : 2
(6470, 18691) : 2
(3271, 5164, 10216, 46844) : 2
(10216, 46844) : 2
(3271, 5164, 46844) : 2
(5164, 46844) : 2
(3271, 46844) : 2
(553, 5790, 75550) : 2
(5790, 75550) : 2
(553, 75550) : 2
(155, 57121) : 2
(4518, 9171, 40601) : 2
(9171, 40601) : 2
(4518, 40601) : 2
(1590, 86288) : 2
(7472, 79452) : 2
(11914, 43375) : 2
(20021, 51690) : 2
(5088, 75342) : 2
(5994, 19667) : 2
(12581, 20083) : 2
(580, 29124) : 2
(6318, 7044) : 2
(2858, 91446) : 2
(2998, 47612) : 2
(14414, 98013) : 2
(12899, 21009) : 2
(580, 55011) : 2
(14902, 30716, 31672, 35688, 36386, 72402, 91509, 91861) : 2
(91509, 91861) : 2
(14902, 30716, 31672, 35688, 36386, 72402, 91861) : 2
(72402, 91861) : 2
(14902, 30716, 31672, 35688, 36386, 91861) : 2
(36386, 91861) : 2
(14902, 30716, 31672, 35688, 91861) : 2
(35688, 91861) : 2
(14902, 30716, 31672, 91861) : 2
(31672, 91861) : 2
(14902, 30716, 91861) : 2
(30716, 91861) : 2
(14902, 91861) : 2
(5004, 41350) : 2
(2114, 48501) : 2
(2759, 98054) : 2
(2444, 30028) : 2
(14414, 62101) : 2
(374, 30295) : 2
(4028, 53937) : 2
(5088, 35514) : 2
(1314, 49859) : 2
(7295, 85712) : 2
(6004, 93892) : 2
(2463, 6633) : 2
(9326, 25595, 50026) : 2
(25595, 50026) : 2
(9326, 50026) : 2
(2670, 97733) : 2
(1451, 11655) : 2
(36766, 95884) : 2
(1859, 80108) : 2
(4499, 31945) : 2
(5817, 81774) : 2
(3543, 73097) : 2
(5578, 89001) : 2
(435, 31149) : 2
(1284, 32125) : 2
(1526, 86440) : 2
(5786, 61268) : 2
(962, 87891) : 2
(8634, 72056) : 2
(4360, 14159) : 2
(5004, 46360) : 2
(4499, 77211) : 2
(2239, 50344) : 2
(6470, 25954) : 2
(565, 15673) : 2
(5976, 76715) : 2
(555, 5522) : 2
(16621, 16955, 37948) : 2
(16955, 37948) : 2
(16621, 37948) : 2
(36766, 46406) : 2
(7014, 7352, 15401) : 2
(7352, 15401) : 2
(7014, 15401) : 2
(14478, 26755) : 2
(7472, 30480) : 2
(2431, 34574) : 2
(119, 72643) : 2
(1284, 55140) : 2
(19181, 22484) : 2
(2771, 30656) : 2
(60, 56219) : 2
(14478, 71532) : 2
(1030, 4308, 36399) : 2
(4308, 36399) : 2
(1030, 36399) : 2
(1112, 3421, 79592) : 2
(3421, 79592) : 2
(1112, 79592) : 2
(11143, 12831, 14283, 17841, 24293) : 2
(17841, 24293) : 2
(11143, 12831, 14283, 24293) : 2
(14283, 24293) : 2
(11143, 12831, 24293) : 2
(12831, 24293) : 2
(11143, 24293) : 2
(4654, 62494) : 2
(4242, 5145, 32170) : 2
(5145, 32170) : 2
(4242, 32170) : 2
(2246, 71805) : 2
(8096, 34560) : 2
(435, 30414) : 2
(3745, 7891) : 2
(1451, 87895) : 2
(1945, 3916) : 2
(258, 70430) : 2
(12642, 42729) : 2
(11143, 12831, 14283) : 2
(12831, 14283) : 2
(11143, 14283) : 2
(4654, 91996) : 2
(1284, 56037) : 2
(4390, 31441) : 2
(13865, 81383) : 2
(4360, 89515) : 2
(6470, 19303) : 2
(9552, 62272) : 2
(4116, 18839) : 2
(14285, 15878, 36481) : 2
(15878, 36481) : 2
(14285, 36481) : 2
(4553, 22058, 24930) : 2
(22058, 24930) : 2
(4553, 24930) : 2
(877, 11347, 44661) : 2
(11347, 44661) : 2
(877, 44661) : 2
(1945, 3916, 60051) : 2
(3916, 60051) : 2
(1945, 60051) : 2
(2308, 62064) : 2
(3460, 54983) : 2
(656, 39501) : 2
(925, 8157) : 2
(14902, 30716, 31672, 35688, 36386, 72402, 91509, 91861, 95537) : 2
(91861, 95537) : 2
(14902, 30716, 31672, 35688, 36386, 72402, 91509, 95537) : 2
(91509, 95537) : 2
(14902, 30716, 31672, 35688, 36386, 72402, 95537) : 2
(72402, 95537) : 2
(14902, 30716, 31672, 35688, 36386, 95537) : 2
(36386, 95537) : 2
(14902, 30716, 31672, 35688, 95537) : 2
(35688, 95537) : 2
(14902, 30716, 31672, 95537) : 2
(31672, 95537) : 2
(14902, 30716, 95537) : 2
(30716, 95537) : 2
(14902, 95537) : 2
(1424, 41236) : 2
(4495, 31429, 42395) : 2
(31429, 42395) : 2
(4495, 42395) : 2
(555, 5522, 75275) : 2
(5522, 75275) : 2
(555, 75275) : 2
(14870, 31125, 49321, 71165) : 2
(49321, 71165) : 2
(14870, 31125, 71165) : 2
(31125, 71165) : 2
(14870, 71165) : 2
(2884, 4189, 26955) : 2
(4189, 26955) : 2
(2884, 26955) : 2
(1030, 4308) : 2
(3690, 43978) : 2
(7745, 69970) : 2
(1284, 60578) : 2
(6422, 18489) : 2
(15183, 76847) : 2
(5994, 34735) : 2
(2851, 42779) : 2
(5817, 92301) : 2
(7472, 99935) : 2
(18049, 28194) : 2
(19712, 80840) : 2
(647, 23403) : 2
(6004, 94135) : 2
(155, 82056) : 2
(1089, 8529, 16115, 64448) : 2
(16115, 64448) : 2
(1089, 8529, 64448) : 2
(8529, 64448) : 2
(1089, 64448) : 2
(5521, 30976) : 2
(1135, 51414) : 2
(16255, 88811) : 2
(3035, 26882) : 2
(4553, 26978) : 2
(506, 5466, 75962) : 2
(5466, 75962) : 2
(506, 75962) : 2
(1451, 64351) : 2
(1424, 47128) : 2
(13058, 29548, 49933) : 2
(29548, 49933) : 2
(13058, 49933) : 2
(7990, 8852, 71586) : 2
(8852, 71586) : 2
(7990, 71586) : 2
(509, 13174) : 2
(9587, 47991) : 2
(5804, 49976) : 2
(527, 4211, 4281, 43162) : 2
(4281, 43162) : 2
(527, 4211, 43162) : 2
(4211, 43162) : 2
(527, 43162) : 2
(6318, 7044, 26630, 33137, 96368) : 2
(33137, 96368) : 2
(6318, 7044, 26630, 96368) : 2
(26630, 96368) : 2
(6318, 7044, 96368) : 2
(7044, 96368) : 2
(6318, 96368) : 2
(5875, 56091) : 2
(3327, 92669) : 2
(374, 84758) : 2
(4114, 92914) : 2
(4194, 33695) : 2
(674, 5425, 95105) : 2
(5425, 95105) : 2
(674, 95105) : 2
(156, 27138) : 2
(4495, 31429, 72227) : 2
(31429, 72227) : 2
(4495, 72227) : 2
(6943, 44744) : 2
(10694, 76617) : 2
(42498, 45898) : 2
(14902, 30716, 31672, 35688, 36386, 72402, 91509) : 2
(72402, 91509) : 2
(14902, 30716, 31672, 35688, 36386, 91509) : 2
(36386, 91509) : 2
(14902, 30716, 31672, 35688, 91509) : 2
(35688, 91509) : 2
(14902, 30716, 31672, 91509) : 2
(31672, 91509) : 2
(14902, 30716, 91509) : 2
(30716, 91509) : 2
(14902, 91509) : 2
(674, 5425, 58240) : 2
(5425, 58240) : 2
(674, 58240) : 2
(14285, 15878, 36481, 80731) : 2
(36481, 80731) : 2
(14285, 15878, 80731) : 2
(15878, 80731) : 2
(14285, 80731) : 2
(16621, 16955, 37948, 43977) : 2
(37948, 43977) : 2
(16621, 16955, 43977) : 2
(16955, 43977) : 2
(16621, 43977) : 2
(3625, 35072) : 2
(1451, 39407) : 2
(7101, 25997) : 2
(4558, 10002, 40258) : 2
(10002, 40258) : 2
(4558, 40258) : 2
(3356, 26194) : 2
(607, 31331) : 2
(6212, 56705) : 2
(1429, 1500) : 2
(6475, 13313, 87301) : 2
(13313, 87301) : 2
(6475, 87301) : 2
(3690, 58576) : 2
(1610, 3696, 76825) : 2
(3696, 76825) : 2
(1610, 76825) : 2
(4114, 54278) : 2
(4278, 33196) : 2
(2852, 25680) : 2
(1424, 44148) : 2
(1756, 68781) : 2
(1526, 38537) : 2
(22463, 25463) : 2
(26391, 42096, 57066) : 2
(42096, 57066) : 2
(26391, 57066) : 2
(1112, 3421, 89994) : 2
(3421, 89994) : 2
(1112, 89994) : 2
(13865, 89584) : 2
(16255, 58807) : 2
(3543, 67115) : 2
(1731, 63013) : 2
(5521, 92401) : 2
(249, 90480) : 2
(9552, 61794) : 2
(4278, 52712) : 2
(5088, 74056) : 2
(374, 9219, 61762) : 2
(9219, 61762) : 2
(374, 61762) : 2
(258, 26285) : 2
(9562, 97998) : 2
(4654, 43129) : 2
(1526, 67137) : 2
(506, 5466, 26144) : 2
(5466, 26144) : 2
(506, 26144) : 2
(9587, 88426) : 2
(3279, 41993) : 2
(8634, 81034) : 2
(60, 78939) : 2
(2838, 62083) : 2
(42498, 47606) : 2
(4401, 65169) : 2
(3671, 76212) : 2
(11707, 14774) : 2
(13313, 63598) : 2
(527, 4211) : 2
(3135, 60992) : 2
(6470, 94335) : 2
(6470, 59009) : 2
(1412, 12423) : 2
(580, 97522) : 2
(3696, 90333) : 2
(2170, 3452) : 2
(2670, 21879) : 2
(3460, 28863) : 2
(8634, 53863) : 2
(3356, 26194, 53093) : 2
(26194, 53093) : 2
(3356, 53093) : 2
(3543, 58205) : 2
(11143, 12831, 14283, 17841, 24293, 26432) : 2
(24293, 26432) : 2
(11143, 12831, 14283, 17841, 26432) : 2
(17841, 26432) : 2
(11143, 12831, 14283, 26432) : 2
(14283, 26432) : 2
(11143, 12831, 26432) : 2
(12831, 26432) : 2
(11143, 26432) : 2
(4582, 76644) : 2
(13003, 95039) : 2
(3190, 17294) : 2
(2838, 63575) : 2
(5420, 88006) : 2
(7168, 90055) : 2
(17871, 18132) : 2
(4917, 77465) : 2
(555, 5522, 77765) : 2
(5522, 77765) : 2
(555, 77765) : 2
(1185, 45067) : 2
(6292, 57933) : 2
(3690, 78283) : 2
(1957, 39438) : 2
(374, 9219, 22998) : 2
(9219, 22998) : 2
(374, 22998) : 2
(4495, 31429, 43112) : 2
(31429, 43112) : 2
(4495, 43112) : 2
(1737, 77915) : 2
(18747, 35568) : 2
(1871, 18500) : 2
(6318, 7044, 26630, 33137, 86055) : 2
(33137, 86055) : 2
(6318, 7044, 26630, 86055) : 2
(26630, 86055) : 2
(6318, 7044, 86055) : 2
(7044, 86055) : 2
(6318, 86055) : 2
(3696, 61459) : 2
(6059, 61555) : 2
(1185, 84196) : 2
(5786, 24785) : 2
(1462, 12443) : 2
(258, 52641) : 2
(2114, 67222) : 2
(155, 7169) : 2
(12899, 48527) : 2
(14285, 15878, 36481, 61177) : 2
(36481, 61177) : 2
(14285, 15878, 61177) : 2
(15878, 61177) : 2
(14285, 61177) : 2
(14478, 46446) : 2
(14870, 31125, 49321, 93557) : 2
(49321, 93557) : 2
(14870, 31125, 93557) : 2
(31125, 93557) : 2
(14870, 93557) : 2
(1030, 4308, 30070) : 2
(4308, 30070) : 2
(1030, 30070) : 2
(119, 99191) : 2
(1412, 48000) : 2
(5875, 41875) : 2
(374, 9219, 40310) : 2
(9219, 40310) : 2
(374, 40310) : 2
(18115, 43345) : 2
(17871, 18132, 73716) : 2
(18132, 73716) : 2
(17871, 73716) : 2
(5736, 60264) : 2
(20021, 79358) : 2
(6197, 44579) : 2
(22463, 25463, 51914) : 2
(25463, 51914) : 2
(22463, 51914) : 2
(7472, 75276) : 2
(3579, 26052) : 2
(5056, 16164) : 2
(2382, 90504) : 2
(7352, 42247) : 2
(506, 5466) : 2
(10256, 99528) : 2
(3745, 7891, 44237) : 2
(7891, 44237) : 2
(3745, 44237) : 2
(258, 51006) : 2
(1487, 32904) : 2
(1030, 4308, 46824) : 2
(4308, 46824) : 2
(1030, 46824) : 2
(20387, 21721) : 2
(2246, 89251) : 2
(3579, 37174) : 2
(2234, 20271) : 2
(2759, 22111) : 2
(4558, 10002) : 2
(19181, 22484, 23100) : 2
(22484, 23100) : 2
(19181, 23100) : 2
(2109, 79646) : 2
(16255, 85231) : 2
(9326, 25595) : 2
(1294, 6106, 70055) : 2
(6106, 70055) : 2
(1294, 70055) : 2
(5456, 54604) : 2
(3129, 8649, 18973) : 2
(8649, 18973) : 2
(3129, 18973) : 2
(3671, 72772) : 2
(16621, 16955) : 2
(527, 4211, 4281, 89816) : 2
(4281, 89816) : 2
(527, 4211, 89816) : 2
(4211, 89816) : 2
(527, 89816) : 2
(5056, 55133) : 2
(2851, 76342) : 2
(2852, 63504) : 2
(1823, 96844) : 2
(3690, 31210) : 2
(7105, 81379) : 2
(4518, 9171) : 2
(7168, 32185) : 2
(3543, 46866) : 2
(8634, 73467) : 2
(1112, 3421, 30697) : 2
(3421, 30697) : 2
(1112, 30697) : 2
(14902, 30716, 31672) : 2
(30716, 31672) : 2
(14902, 31672) : 2
(1909, 28229) : 2
(22463, 25463, 71335) : 2
(25463, 71335) : 2
(22463, 71335) : 2
(5342, 65159) : 2
(5521, 52072) : 2
(1294, 6106, 50491) : 2
(6106, 50491) : 2
(1294, 50491) : 2
(16621, 16955, 37948, 43977, 89899, 93595) : 2
(89899, 93595) : 2
(16621, 16955, 37948, 43977, 93595) : 2
(43977, 93595) : 2
(16621, 16955, 37948, 93595) : 2
(37948, 93595) : 2
(16621, 16955, 93595) : 2
(16955, 93595) : 2
(16621, 93595) : 2
(4360, 78291) : 2
(9326, 25595, 50026, 56638, 59215, 62468, 68901) : 2
(62468, 68901) : 2
(9326, 25595, 50026, 56638, 59215, 68901) : 2
(59215, 68901) : 2
(9326, 25595, 50026, 56638, 68901) : 2
(56638, 68901) : 2
(9326, 25595, 50026, 68901) : 2
(50026, 68901) : 2
(9326, 25595, 68901) : 2
(25595, 68901) : 2
(9326, 68901) : 2
(2444, 93611) : 2
(3271, 5164, 10216, 67721) : 2
(10216, 67721) : 2
(3271, 5164, 67721) : 2
(5164, 67721) : 2
(3271, 67721) : 2
(1226, 36276) : 2
(803, 69670) : 2
(2463, 6633, 25252) : 2
(6633, 25252) : 2
(2463, 25252) : 2
(5808, 59433) : 2
(4096, 55987) : 2
(4360, 51841) : 2
(2845, 31128) : 2
(4499, 20494) : 2
(506, 5466, 90772) : 2
(5466, 90772) : 2
(506, 90772) : 2
(2852, 54893) : 2
(5056, 90884) : 2
(4917, 15524) : 2
(1112, 3421, 68276) : 2
(3421, 68276) : 2
(1112, 68276) : 2
(9326, 25595, 50026, 56638) : 2
(50026, 56638) : 2
(9326, 25595, 56638) : 2
(25595, 56638) : 2
(9326, 56638) : 2
(2884, 4189, 61737) : 2
(4189, 61737) : 2
(2884, 61737) : 2
(11780, 47220) : 2
(3190, 92503) : 2
(7101, 22995) : 2
(2884, 4189, 83915) : 2
(4189, 83915) : 2
(2884, 83915) : 2
(1265, 18801) : 2
(16621, 16955, 37948, 43977, 89899, 93595, 94777) : 2
(93595, 94777) : 2
(16621, 16955, 37948, 43977, 89899, 94777) : 2
(89899, 94777) : 2
(16621, 16955, 37948, 43977, 94777) : 2
(43977, 94777) : 2
(16621, 16955, 37948, 94777) : 2
(37948, 94777) : 2
(16621, 16955, 94777) : 2
(16955, 94777) : 2
(16621, 94777) : 2
(1316, 3444) : 2
(2431, 31498) : 2
(3745, 7891, 39355) : 2
(7891, 39355) : 2
(3745, 39355) : 2
(12642, 47890) : 2
(506, 5466, 12638) : 2
(5466, 12638) : 2
(506, 12638) : 2
(13313, 63485) : 2
(2544, 5417, 9287) : 2
(5417, 9287) : 2
(2544, 9287) : 2
(2845, 91480) : 2
(5699, 39526) : 2
(8634, 49360) : 2
(9552, 27685) : 2
(1030, 4308, 26773) : 2
(4308, 26773) : 2
(1030, 26773) : 2
(527, 4211, 4281, 91983) : 2
(4281, 91983) : 2
(527, 4211, 91983) : 2
(4211, 91983) : 2
(527, 91983) : 2
(5875, 11552) : 2
(6059, 20399) : 2
(9432, 19341, 31270) : 2
(19341, 31270) : 2
(9432, 31270) : 2
(3960, 10397) : 2
(12577, 16280, 35412) : 2
(16280, 35412) : 2
(12577, 35412) : 2
(3696, 22428) : 2
(988, 21277) : 2
(8367, 60517) : 2
(2884, 4189, 62445) : 2
(4189, 62445) : 2
(2884, 62445) : 2
(4662, 86354) : 2
(7352, 18299) : 2
(6422, 8500) : 2
(3671, 59530) : 2
(3579, 45699) : 2
(988, 20685) : 2
(1767, 14512) : 2
(1957, 53167) : 2
(3882, 98375) : 2
(1849, 2728, 96625) : 2
(2728, 96625) : 2
(1849, 96625) : 2
(12899, 34436) : 2
(16621, 16955, 37948, 43977, 89899) : 2
(43977, 89899) : 2
(16621, 16955, 37948, 89899) : 2
(37948, 89899) : 2
(16621, 16955, 89899) : 2
(16955, 89899) : 2
(16621, 89899) : 2
(1849, 2728) : 2
(5786, 72133) : 2
(5521, 54505) : 2
(9587, 97772) : 2
(2114, 6342) : 2
(36766, 93031) : 2
(9432, 19341, 31270, 43905, 68454, 77021, 80197, 99667) : 2
(80197, 99667) : 2
(9432, 19341, 31270, 43905, 68454, 77021, 99667) : 2
(77021, 99667) : 2
(9432, 19341, 31270, 43905, 68454, 99667) : 2
(68454, 99667) : 2
(9432, 19341, 31270, 43905, 99667) : 2
(43905, 99667) : 2
(9432, 19341, 31270, 99667) : 2
(31270, 99667) : 2
(9432, 19341, 99667) : 2
(19341, 99667) : 2
(9432, 99667) : 2
(2997, 11603) : 2
(7295, 45408) : 2
(1628, 65699) : 2
(3690, 63833) : 2
(2472, 33529) : 2
(2771, 9523) : 2
(877, 11347) : 2
(5521, 90725) : 2
(7134, 16989) : 2
(249, 33369) : 2
(1731, 6310) : 2
(9432, 19341, 31270, 43905) : 2
(31270, 43905) : 2
(9432, 19341, 43905) : 2
(19341, 43905) : 2
(9432, 43905) : 2
(925, 8157, 23730) : 2
(8157, 23730) : 2
(925, 23730) : 2
(2308, 53683) : 2
(3696, 29951) : 2
(4558, 10002, 86467) : 2
(10002, 86467) : 2
(4558, 86467) : 2
(19181, 22484, 23100, 31595) : 2
(23100, 31595) : 2
(19181, 22484, 31595) : 2
(22484, 31595) : 2
(19181, 31595) : 2
(14478, 37894) : 2
(2544, 5417, 55874) : 2
(5417, 55874) : 2
(2544, 55874) : 2
(8367, 65116) : 2
(8634, 67826) : 2
(9432, 19341) : 2
(155, 76099) : 2
(2109, 97254) : 2
(3190, 99412) : 2
(2026, 45168) : 2
(1871, 33785) : 2
(31519, 87043) : 2
(20021, 94376) : 2
(1957, 41371) : 2
(6470, 65587) : 2
(2852, 73761) : 2
(42498, 95673) : 2
(1089, 8529, 16115, 36916) : 2
(16115, 36916) : 2
(1089, 8529, 36916) : 2
(8529, 36916) : 2
(1089, 36916) : 2
(4662, 37947) : 2
(1259, 5483, 57808) : 2
(5483, 57808) : 2
(1259, 57808) : 2
(11914, 54414) : 2
(42498, 75798) : 2
(26391, 42096) : 2
(4116, 5509) : 2
(1424, 53548) : 2
(6625, 13649) : 2
(17871, 18132, 43299) : 2
(18132, 43299) : 2
(17871, 43299) : 2
(14902, 30716, 31672, 35688) : 2
(31672, 35688) : 2
(14902, 30716, 35688) : 2
(30716, 35688) : 2
(14902, 35688) : 2
(15485, 19232) : 2
(3800, 35127) : 2
(16218, 17405) : 2
(21199, 35170, 82011) : 2
(35170, 82011) : 2
(21199, 82011) : 2
(1030, 4308, 22600) : 2
(4308, 22600) : 2
(1030, 22600) : 2
(1030, 4308, 32821) : 2
(4308, 32821) : 2
(1030, 32821) : 2
(988, 94873) : 2
(3392, 81890) : 2
(4587, 38373) : 2
(2246, 32900) : 2
(5456, 71185) : 2
(3579, 67652) : 2
(5808, 18717) : 2
(2308, 15395) : 2
(5976, 77570) : 2
(877, 11347, 93306) : 2
(11347, 93306) : 2
(877, 93306) : 2
(5056, 79998) : 2
(674, 5425, 75431) : 2
(5425, 75431) : 2
(674, 75431) : 2
(4401, 82177) : 2
(13168, 26884) : 2
(2852, 99455) : 2
(4278, 46674) : 2
(1294, 6106) : 2
(4495, 31429, 83321) : 2
(31429, 83321) : 2
(4495, 83321) : 2
(4518, 9171, 64676) : 2
(9171, 64676) : 2
(4518, 64676) : 2
(3671, 24483) : 2
(12642, 35413) : 2
(7105, 79682) : 2
(11914, 71626) : 2
(234, 13312) : 2
(2771, 17406) : 2
(1265, 44881) : 2
(2472, 89005) : 2
(8997, 99993) : 2
(875, 10929) : 2
(19712, 65625) : 2
(656, 58634) : 2
(1416, 92494) : 2
(13313, 73937) : 2
(13313, 31046) : 2
(3579, 30141) : 2
(2114, 63492) : 2
(20021, 68359) : 2
(6943, 67461) : 2
(5330, 8589) : 2
(5508, 31110) : 2
(1294, 6106, 27465) : 2
(6106, 27465) : 2
(1294, 27465) : 2
(29, 96091) : 2
(1259, 5483, 35067) : 2
(5483, 35067) : 2
(1259, 35067) : 2
(21199, 35170) : 2
(7237, 80747) : 2
(2431, 32094) : 2
(6146, 10687, 79249) : 2
(10687, 79249) : 2
(6146, 79249) : 2
(5346, 75179) : 2
(13428, 85304) : 2
(25, 2645, 64451) : 2
(2645, 64451) : 2
(25, 64451) : 2
(592, 2513, 39126) : 3
(2513, 39126) : 3
(592, 39126) : 3
(20977, 82324) : 2
(4379, 5382, 10017, 10917) : 3
(10017, 10917) : 3
(4379, 5382, 10917) : 3
(5382, 10917) : 3
(4379, 10917) : 3
(12577, 16280, 39132) : 2
(16280, 39132) : 2
(12577, 39132) : 2
(4727, 54731) : 2
(664, 99507) : 3
(2851, 17007) : 3
(28162, 47968) : 2
(8661, 71174) : 3
(36, 76370) : 2
(5177, 6294, 7968, 17327) : 3
(7968, 17327) : 3
(5177, 6294, 17327) : 3
(6294, 17327) : 3
(5177, 17327) : 3
(8249, 13953, 24416, 24440, 26543, 42647, 43746) : 2
(42647, 43746) : 2
(8249, 13953, 24416, 24440, 26543, 43746) : 2
(26543, 43746) : 2
(8249, 13953, 24416, 24440, 43746) : 2
(24440, 43746) : 2
(8249, 13953, 24416, 43746) : 2
(24416, 43746) : 2
(8249, 13953, 43746) : 3
(13953, 43746) : 3
(8249, 43746) : 3
(6943, 41539) : 2
(5366, 76121) : 3
(1731, 89131) : 2
(18280, 29490) : 2
(5330, 8589, 48160) : 2
(8589, 48160) : 2
(5330, 48160) : 2
(16138, 30043) : 2
(2851, 33957) : 3
(7177, 8969, 54502) : 2
(8969, 54502) : 2
(7177, 54502) : 2
(442, 15323) : 3
(14285, 15878) : 2
(5025, 48740) : 3
(7134, 38005) : 3
(5976, 95513) : 2
(1275, 95554) : 3
(7103, 60636) : 3
(5342, 54523) : 2
(1487, 91099) : 3
(3932, 46997) : 3
(3306, 91433) : 2
(3683, 20400, 83337) : 3
(20400, 83337) : 3
(3683, 83337) : 3
(592, 2513, 23614) : 3
(2513, 23614) : 3
(592, 23614) : 3
(2170, 3452, 44292) : 2
(3452, 44292) : 2
(2170, 44292) : 2
(8249, 13953, 24416, 24440) : 2
(24416, 24440) : 2
(8249, 13953, 24440) : 3
(13953, 24440) : 3
(8249, 24440) : 3
(7103, 99841) : 3
(20387, 21721, 68225) : 2
(21721, 68225) : 2
(20387, 68225) : 2
(9562, 27092) : 2
(1089, 8529, 16115, 82500) : 2
(16115, 82500) : 2
(1089, 8529, 82500) : 2
(8529, 82500) : 2
(1089, 82500) : 2
(17890, 28667, 95529) : 2
(28667, 95529) : 2
(17890, 95529) : 2
(3690, 35054) : 2
(1487, 72628) : 3
(5524, 15723) : 2
(2670, 11250) : 3
(3755, 98924) : 3
(7378, 30317) : 2
(6156, 9581, 83069) : 2
(9581, 83069) : 2
(6156, 83069) : 2
(1823, 17593) : 2
(7378, 44258) : 2
(7190, 12305, 24746, 51657, 88631) : 2
(51657, 88631) : 2
(7190, 12305, 24746, 88631) : 2
(24746, 88631) : 2
(7190, 12305, 88631) : 2
(12305, 88631) : 2
(7190, 88631) : 2
(6527, 43370) : 3
(11272, 70867) : 2
(4945, 54479) : 3
(7625, 47856) : 3
(7177, 8969, 75290) : 2
(8969, 75290) : 2
(7177, 75290) : 2
(4847, 9242, 73726) : 2
(9242, 73726) : 2
(4847, 73726) : 2
(8348, 19579, 21330, 21862, 33494, 38783) : 2
(33494, 38783) : 2
(8348, 19579, 21330, 21862, 38783) : 2
(21862, 38783) : 2
(8348, 19579, 21330, 38783) : 2
(21330, 38783) : 2
(8348, 19579, 38783) : 2
(19579, 38783) : 2
(8348, 38783) : 2
(3129, 8649, 18197) : 3
(8649, 18197) : 3
(3129, 18197) : 3
(1430, 92339) : 3
(1487, 75963) : 3
(2584, 10976, 63848) : 2
(10976, 63848) : 2
(2584, 63848) : 3
(8851, 23327) : 2
(4379, 5382, 10017) : 3
(5382, 10017) : 3
(4379, 10017) : 3
(2021, 9954, 24642) : 2
(9954, 24642) : 2
(2021, 24642) : 3
(1332, 92937) : 2
(2382, 63259) : 2
(1293, 74690) : 3
(10038, 62632) : 2
(6059, 34494) : 2
(2333, 71356) : 3
(5342, 59058) : 2
(22769, 37478) : 2
(2112, 54679) : 3
(10038, 32489) : 2
(8647, 59090) : 2
(2858, 57602) : 2
(8249, 13953, 24416, 24440, 26543, 42647, 43746, 81529) : 2
(43746, 81529) : 2
(8249, 13953, 24416, 24440, 26543, 42647, 81529) : 2
(42647, 81529) : 2
(8249, 13953, 24416, 24440, 26543, 81529) : 2
(26543, 81529) : 2
(8249, 13953, 24416, 24440, 81529) : 2
(24440, 81529) : 2
(8249, 13953, 24416, 81529) : 2
(24416, 81529) : 2
(8249, 13953, 81529) : 3
(13953, 81529) : 3
(8249, 81529) : 3
(6133, 12358, 16245, 20180) : 2
(16245, 20180) : 2
(6133, 12358, 20180) : 2
(12358, 20180) : 2
(6133, 20180) : 2
(11176, 91873) : 2
(4813, 86702) : 2
(8553, 75529) : 2
(2025, 18408) : 3
(4379, 5382) : 3
(7692, 87294) : 2
(6156, 9581, 93827) : 2
(9581, 93827) : 2
(6156, 93827) : 2
(4676, 20748) : 2
(1737, 64882) : 3
(6301, 44421) : 2
(5036, 93043) : 2
(6059, 78696) : 2
(11780, 73746) : 2
(25, 2645) : 3
(3579, 46168) : 2
(36766, 54634) : 2
(5736, 57597) : 2
(4374, 6259) : 2
(2034, 3151) : 3
(592, 2513, 51791) : 3
(2513, 51791) : 3
(592, 51791) : 3
(6527, 69496) : 3
(4847, 9242) : 2
(22215, 74010) : 2
(4360, 26915) : 2
(11707, 80513) : 3
(4427, 16023) : 2
(1530, 8538) : 3
(3800, 79382) : 2
(1932, 4930, 6069, 31010) : 2
(6069, 31010) : 2
(1932, 4930, 31010) : 2
(4930, 31010) : 2
(1932, 31010) : 3
(6227, 15097) : 2
(6301, 59915) : 2
(5835, 30064) : 3
(7134, 98894) : 3
(1737, 98741) : 3
(4379, 5382, 10017, 10917, 21011, 21709, 41426) : 3
(21709, 41426) : 3
(4379, 5382, 10017, 10917, 21011, 41426) : 3
(21011, 41426) : 3
(4379, 5382, 10017, 10917, 41426) : 3
(10917, 41426) : 3
(4379, 5382, 10017, 41426) : 3
(10017, 41426) : 3
(4379, 5382, 41426) : 3
(5382, 41426) : 3
(4379, 41426) : 3
(14870, 31125, 49321) : 2
(31125, 49321) : 2
(14870, 49321) : 2
(1835, 67692) : 3
(7378, 69733) : 2
(6301, 23507) : 2
(527, 4211, 4281, 51278) : 2
(4281, 51278) : 2
(527, 4211, 51278) : 2
(4211, 51278) : 2
(527, 51278) : 2
(14902, 30716, 31672, 35688, 36386, 72402) : 2
(36386, 72402) : 2
(14902, 30716, 31672, 35688, 72402) : 2
(35688, 72402) : 2
(14902, 30716, 31672, 72402) : 2
(31672, 72402) : 2
(14902, 30716, 72402) : 2
(30716, 72402) : 2
(14902, 72402) : 2
(4676, 94419) : 2
(192, 51412) : 3
(8997, 97738) : 2
(39210, 74517) : 2
(22215, 72885) : 2
(1932, 4930) : 3
(592, 2513, 70503) : 3
(2513, 70503) : 3
(592, 70503) : 3
(29, 77819) : 3
(6301, 86190) : 2
(3008, 77312) : 2
(5578, 27496) : 2
(13606, 58123) : 2
(4847, 9242, 32649) : 2
(9242, 32649) : 2
(4847, 32649) : 2
(3129, 8649) : 3
(1666, 59354) : 3
(3419, 55663) : 2
(249, 2022) : 3
(2472, 31358) : 2
(6943, 86922) : 2
(8650, 83588) : 2
(1666, 67212) : 3
(2109, 26575) : 2
(1859, 50089) : 3
(4662, 63154) : 2
(592, 2513, 62994) : 3
(2513, 62994) : 3
(592, 62994) : 3
(4518, 9171, 15899) : 2
(9171, 15899) : 2
(4518, 15899) : 2
(4676, 7542) : 2
(6392, 63042) : 2
(1487, 71246) : 3
(3129, 8649, 73583) : 3
(8649, 73583) : 3
(3129, 73583) : 3
(9092, 49035) : 2
(592, 2513, 55343) : 3
(2513, 55343) : 3
(592, 55343) : 3
(2234, 69686) : 2
(8341, 67356) : 2
(1737, 83356) : 3
(6625, 13649, 50686) : 2
(13649, 50686) : 2
(6625, 50686) : 2
(1191, 92476) : 2
(592, 2513, 30347) : 3
(2513, 30347) : 3
(592, 30347) : 3
(11176, 68668) : 2
(3542, 3559, 69423) : 2
(3559, 69423) : 2
(3542, 69423) : 2
(803, 32394) : 3
(2034, 3151, 59772) : 3
(3151, 59772) : 3
(2034, 59772) : 3
(2851, 40549) : 3
(1988, 14739) : 2
(18280, 28942) : 2
(48924, 85309) : 2
(192, 3148) : 3
(374, 66797) : 2
(8940, 64857) : 2
(8766, 88266) : 3
(12899, 59122) : 2
(1317, 12370) : 2
(4242, 5145, 89318) : 3
(5145, 89318) : 3
(4242, 89318) : 3
(36, 17870) : 2
(2544, 5417, 54455) : 2
(5417, 54455) : 2
(2544, 54455) : 2
(10256, 77089) : 2
(5088, 23839) : 2
(3008, 56957) : 2
(6146, 10687, 71791) : 2
(10687, 71791) : 2
(6146, 71791) : 3
(3314, 22300) : 2
(8620, 29231) : 2
(8634, 34646) : 2
(8851, 71255) : 2
(7177, 8969) : 2
(13168, 82709) : 2
(1843, 86350) : 2
(4768, 23817) : 2
(2021, 9954) : 3
(9417, 44923) : 3
(8940, 35615) : 2
(664, 10256, 14837) : 2
(10256, 14837) : 2
(664, 14837) : 3
(2629, 22779, 73999) : 2
(22779, 73999) : 2
(2629, 73999) : 2
(442, 37889) : 3
(14870, 31125) : 2
(5025, 25257) : 3
(13003, 62609) : 2
(1429, 77999) : 2
(11176, 35482) : 2
(9192, 61655) : 2
(3932, 54281) : 3
(13809, 35555, 39774, 53678, 53938) : 2
(53678, 53938) : 2
(13809, 35555, 39774, 53938) : 2
(39774, 53938) : 2
(13809, 35555, 53938) : 2
(35555, 53938) : 2
(13809, 53938) : 2
(553, 5790, 43709) : 3
(5790, 43709) : 3
(553, 43709) : 3
(23654, 34504, 52954, 61780) : 2
(52954, 61780) : 2
(23654, 34504, 61780) : 2
(34504, 61780) : 2
(23654, 61780) : 2
(3356, 26194, 35185) : 2
(26194, 35185) : 2
(3356, 35185) : 2
(2200, 84105) : 3
(1284, 96613) : 2
(2021, 9954, 81469) : 2
(9954, 81469) : 2
(2021, 81469) : 3
(803, 18071) : 3
(7177, 8969, 25747) : 2
(8969, 25747) : 2
(7177, 25747) : 2
(2444, 74186) : 2
(26391, 42096, 57066, 61972) : 2
(57066, 61972) : 2
(26391, 42096, 61972) : 2
(42096, 61972) : 2
(26391, 61972) : 2
(5366, 88144) : 3
(1547, 67754) : 3
(4693, 40791) : 2
(5508, 29815, 31693, 32406, 65776) : 2
(32406, 65776) : 2
(5508, 29815, 31693, 65776) : 2
(31693, 65776) : 2
(5508, 29815, 65776) : 2
(29815, 65776) : 2
(5508, 65776) : 2
(664, 49235) : 3
(1859, 71768) : 3
(6028, 23203) : 2
(324, 18499) : 3
(2374, 98736) : 3
(1823, 69328) : 2
(3135, 18563) : 2
(7237, 92645) : 2
(13058, 29548, 84732) : 2
(29548, 84732) : 2
(13058, 84732) : 2
(9417, 44615) : 3
(1487, 39338) : 3
(5131, 24169) : 2
(19285, 78287) : 2
(4499, 55470) : 3
(4432, 7669, 84219) : 2
(7669, 84219) : 2
(4432, 84219) : 2
(6570, 50935) : 3
(11272, 84950) : 2
(5699, 67880) : 2
(10256, 94661) : 3
(1755, 6004, 20929) : 3
(6004, 20929) : 3
(1755, 20929) : 3
(2170, 3452, 82346) : 2
(3452, 82346) : 2
(2170, 82346) : 2
(8650, 65970) : 2
(15374, 41375) : 2
(1226, 67867) : 2
(8341, 47631) : 2
(12899, 19908) : 2
(2413, 12874, 62548) : 3
(12874, 62548) : 3
(2413, 62548) : 3
(2629, 22779, 78365) : 2
(22779, 78365) : 2
(2629, 78365) : 2
(7951, 59805) : 2
(9417, 80245) : 3
(850, 94685) : 3
(13058, 29548, 93653) : 2
(29548, 93653) : 2
(13058, 93653) : 2
(835, 25510) : 2
(3008, 46044) : 2
(5508, 29815, 31693) : 2
(29815, 31693) : 2
(5508, 31693) : 2
(8650, 14754) : 2
(1526, 97573) : 2
(1416, 44849) : 2
(6146, 10687, 92894) : 2
(10687, 92894) : 2
(6146, 92894) : 3
(809, 77130) : 2
(4917, 69134) : 2
(2629, 22779) : 2
(2629, 22779, 44378) : 2
(22779, 44378) : 2
(2629, 44378) : 2
(6392, 50330) : 2
(8766, 42812) : 3
(1530, 80119) : 3
(1314, 45302) : 3
(1341, 9646) : 3
(442, 93367) : 3
(4553, 68651) : 3
(6527, 81631) : 3
(3008, 93215) : 2
(1293, 56385) : 3
(8766, 91844) : 3
(23654, 34504) : 2
(1823, 46172) : 2
(3419, 91960) : 2
(4813, 42411) : 2
(4813, 91944) : 2
(28149, 47732) : 2
(6625, 13649, 83186) : 2
(13649, 83186) : 2
(6625, 83186) : 2
(4110, 65606) : 3
(1547, 95830) : 3
(8766, 50599) : 3
(1265, 91358) : 2
(15183, 62027) : 2
(4242, 5145, 30092) : 3
(5145, 30092) : 3
(4242, 30092) : 3
(4847, 9242, 32549) : 2
(9242, 32549) : 2
(4847, 32549) : 2
(1610, 3696, 78508) : 2
(3696, 78508) : 2
(1610, 78508) : 2
(3542, 3559, 22304) : 2
(3559, 22304) : 2
(3542, 22304) : 2
(6131, 6197, 16125) : 3
(6197, 16125) : 3
(6131, 16125) : 3
(6301, 55024) : 2
(2489, 10021, 13773, 58643) : 2
(13773, 58643) : 2
(2489, 10021, 58643) : 2
(10021, 58643) : 2
(2489, 58643) : 3
(1089, 8529) : 2
(2262, 50337) : 3
(2852, 78757) : 3
(2341, 36875) : 3
(10865, 82710) : 2
(8851, 73157) : 2
(7692, 38477) : 2
(1756, 73292) : 2
(16255, 77386) : 2
(1462, 19745) : 2
(2025, 94996) : 3
(11780, 25907) : 2
(1317, 12370, 47850) : 2
(12370, 47850) : 2
(1317, 47850) : 2
(2623, 90927) : 2
(10256, 38205) : 2
(10256, 51786) : 2
(1023, 54960) : 3
(6146, 10687, 39882) : 2
(10687, 39882) : 2
(6146, 39882) : 3
(1317, 12370, 32023) : 2
(12370, 32023) : 2
(1317, 32023) : 2
(1089, 8529, 16115) : 2
(8529, 16115) : 2
(1089, 16115) : 2
(36, 10333) : 2
(555, 5522, 73832) : 2
(5522, 73832) : 2
(555, 73832) : 2
(14069, 22945, 53480) : 2
(22945, 53480) : 2
(14069, 53480) : 2
(6672, 7793, 83833) : 2
(7793, 83833) : 2
(6672, 83833) : 2
(592, 2513, 71509) : 3
(2513, 71509) : 3
(592, 71509) : 3
(8997, 87401) : 2
(8249, 13953, 24416, 24440, 26543, 42647, 43746, 77326) : 2
(43746, 77326) : 2
(8249, 13953, 24416, 24440, 26543, 42647, 77326) : 2
(42647, 77326) : 2
(8249, 13953, 24416, 24440, 26543, 77326) : 2
(26543, 77326) : 2
(8249, 13953, 24416, 24440, 77326) : 2
(24440, 77326) : 2
(8249, 13953, 24416, 77326) : 2
(24416, 77326) : 2
(8249, 13953, 77326) : 3
(13953, 77326) : 3
(8249, 77326) : 3
(3008, 11084) : 2
(3882, 34299) : 2
(2025, 50087) : 3
(2021, 9954, 56664) : 2
(9954, 56664) : 2
(2021, 56664) : 3
(6570, 91701) : 3
(8940, 85650) : 2
(1293, 79485) : 3
(2021, 9954, 34625) : 2
(9954, 34625) : 2
(2021, 34625) : 3
(11176, 43884) : 2
(12577, 16280) : 2
(3667, 4444, 11740) : 3
(4444, 11740) : 3
(3667, 11740) : 3
(5025, 78559) : 3
(5508, 29815, 31693, 32406) : 2
(31693, 32406) : 2
(5508, 29815, 32406) : 2
(29815, 32406) : 2
(5508, 32406) : 2
(192, 27332) : 3
(5817, 26619) : 2
(6133, 12358) : 2
(2838, 57113) : 2
(5025, 77404) : 3
(553, 5790, 36456) : 3
(5790, 36456) : 3
(553, 36456) : 3
(674, 5425) : 2
(2025, 19810) : 3
(5330, 8589, 80504) : 2
(8589, 80504) : 2
(5330, 80504) : 2
(1988, 46303) : 2
(8650, 37517) : 2
(7237, 33769) : 2
(3008, 61052) : 2
(192, 74813) : 3
(36, 15470) : 2
(3306, 55908) : 2
(1666, 71105) : 3
(16536, 30055) : 2
(14069, 22945, 77238) : 2
(22945, 77238) : 2
(14069, 77238) : 2
(6156, 9581) : 2
(2489, 10021) : 3
(6133, 12358, 16245) : 2
(12358, 16245) : 2
(6133, 16245) : 2
(5342, 48844) : 2
(6392, 81702) : 2
(5177, 6294, 7968, 61998) : 2
(7968, 61998) : 2
(5177, 6294, 61998) : 2
(6294, 61998) : 2
(5177, 61998) : 3
(28162, 47968, 56876) : 2
(47968, 56876) : 2
(28162, 56876) : 2
(5508, 29815, 31693, 32406, 87921) : 2
(32406, 87921) : 2
(5508, 29815, 31693, 87921) : 2
(31693, 87921) : 2
(5508, 29815, 87921) : 2
(29815, 87921) : 2
(5508, 87921) : 2
(48924, 85720) : 2
(8249, 13953, 24416) : 3
(13953, 24416) : 3
(8249, 24416) : 3
(36, 98991) : 2
(1316, 3444, 19760, 76474) : 2
(19760, 76474) : 2
(1316, 3444, 76474) : 2
(3444, 76474) : 2
(1316, 76474) : 2
(565, 71301) : 2
(1462, 11718) : 2
(10413, 83249) : 3
(4379, 5382, 10017, 10917, 21011) : 3
(10917, 21011) : 3
(4379, 5382, 10017, 21011) : 3
(10017, 21011) : 3
(4379, 5382, 21011) : 3
(5382, 21011) : 3
(4379, 21011) : 3
(6392, 92453) : 2
(13606, 78675) : 2
(1325, 92804) : 2
(7558, 86114) : 2
(9417, 58931) : 3
(1275, 81994) : 3
(5330, 8589, 86627) : 2
(8589, 86627) : 2
(5330, 86627) : 2
(1214, 18225) : 2
(4662, 57556) : 2
(155, 43143) : 2
(4242, 5145) : 3
(12438, 94284) : 2
(1547, 86852) : 3
(592, 2513, 29885) : 3
(2513, 29885) : 3
(592, 29885) : 3
(11143, 12831) : 2
(22769, 37478, 51345) : 2
(37478, 51345) : 2
(22769, 51345) : 2
(1023, 88738) : 3
(6131, 6197, 16125, 33995) : 2
(16125, 33995) : 2
(6131, 6197, 33995) : 3
(6197, 33995) : 3
(6131, 33995) : 3
(3683, 20400, 65592) : 3
(20400, 65592) : 3
(3683, 65592) : 3
(13058, 29548, 71286) : 2
(29548, 71286) : 2
(13058, 71286) : 2
(7581, 67663) : 2
(13428, 26597) : 3
(7134, 68977) : 3
(36, 44861) : 2
(1213, 2004) : 3
(1518, 6828, 90703) : 3
(6828, 90703) : 3
(1518, 90703) : 4
(1518, 6828, 18042) : 3
(6828, 18042) : 3
(1518, 18042) : 4
(3314, 16881) : 2
(4094, 41189) : 4
(5177, 6294) : 3
(192, 34032) : 3
(4012, 84719) : 4
(2262, 36332) : 3
(1596, 16820, 17086) : 3
(16820, 17086) : 3
(1596, 17086) : 3
(1835, 18959) : 3
(6227, 71901) : 2
(7190, 12305, 24746) : 2
(12305, 24746) : 2
(7190, 24746) : 3
(8766, 42773) : 3
(2858, 12597) : 2
(189, 11707, 48818) : 2
(11707, 48818) : 2
(189, 48818) : 3
(1430, 22558) : 3
(21188, 28827) : 2
(2170, 3452, 83328) : 2
(3452, 83328) : 2
(2170, 83328) : 2
(1596, 16820, 17086, 42630, 44027) : 2
(42630, 44027) : 2
(1596, 16820, 17086, 44027) : 3
(17086, 44027) : 3
(1596, 16820, 44027) : 3
(16820, 44027) : 3
(1596, 44027) : 3
(2026, 41006) : 4
(7379, 83030) : 3
(6687, 89314) : 2
(4693, 56415) : 3
(16218, 83712) : 3
(803, 47433) : 3
(7558, 37990) : 2
(11143, 12831, 14283, 17841) : 2
(14283, 17841) : 2
(11143, 12831, 17841) : 2
(12831, 17841) : 2
(11143, 17841) : 2
(8650, 74359) : 2
(1275, 90057) : 4
(16138, 23160) : 2
(6137, 85184) : 2
(4412, 54467) : 3
(3667, 4444) : 4
(189, 11707, 48888) : 2
(11707, 48888) : 2
(189, 48888) : 3
(1175, 8637) : 4
(16218, 65296) : 3
(395, 3271, 5164) : 2
(395, 5164) : 2
(3271, 5164) : 4
(13606, 97318) : 2
(17890, 28667, 95495) : 2
(28667, 95495) : 2
(17890, 95495) : 2
(5036, 22609) : 3
(1596, 16820, 17086, 42630) : 3
(17086, 42630) : 3
(1596, 16820, 42630) : 3
(16820, 42630) : 3
(1596, 42630) : 3
(9092, 45964) : 2
(2469, 31762, 37730, 39797, 46019, 53473, 55392, 68839) : 2
(55392, 68839) : 2
(2469, 31762, 37730, 39797, 46019, 53473, 68839) : 2
(53473, 68839) : 2
(2469, 31762, 37730, 39797, 46019, 68839) : 2
(46019, 68839) : 2
(2469, 31762, 37730, 39797, 68839) : 2
(39797, 68839) : 2
(2469, 31762, 37730, 68839) : 2
(37730, 68839) : 2
(2469, 31762, 68839) : 2
(31762, 68839) : 2
(2469, 68839) : 4
(5508, 29815) : 2
(6227, 82966) : 2
(27947, 50826) : 2
(410, 13600) : 4
(8553, 20302, 32435, 85239) : 3
(32435, 85239) : 3
(8553, 20302, 85239) : 4
(20302, 85239) : 4
(8553, 85239) : 4
(6344, 89293) : 3
(81, 9996) : 2
(1214, 61677) : 3
(7954, 20974) : 3
(11707, 87208) : 3
(4693, 61576) : 3
(3579, 50168) : 2
(2026, 45669) : 4
(1982, 68232) : 4
(2948, 38818) : 2
(8553, 20302, 32435, 35525) : 2
(32435, 35525) : 2
(8553, 20302, 35525) : 3
(20302, 35525) : 3
(8553, 35525) : 3
(6028, 67943) : 2
(2286, 12399) : 3
(3040, 17608) : 2
(22215, 36652) : 2
(6570, 49762) : 3
(4746, 6965) : 3
(2333, 38338) : 3
(13809, 35555, 39774, 53678, 53938, 55940, 59867) : 2
(55940, 59867) : 2
(13809, 35555, 39774, 53678, 53938, 59867) : 2
(53938, 59867) : 2
(13809, 35555, 39774, 53678, 59867) : 2
(53678, 59867) : 2
(13809, 35555, 39774, 59867) : 3
(39774, 59867) : 3
(13809, 35555, 59867) : 3
(35555, 59867) : 3
(13809, 59867) : 3
(2584, 10976, 53316) : 3
(10976, 53316) : 3
(2584, 53316) : 4
(4432, 7669, 39741) : 3
(7669, 39741) : 3
(4432, 39741) : 3
(6059, 24491) : 2
(36, 36891) : 2
(410, 13600, 14920, 24133) : 4
(14920, 24133) : 4
(410, 13600, 24133) : 4
(13600, 24133) : 4
(410, 24133) : 4
(234, 9200) : 4
(8553, 20302, 32435, 90006) : 3
(32435, 90006) : 3
(8553, 20302, 90006) : 4
(20302, 90006) : 4
(8553, 90006) : 4
(527, 4211, 4281, 38444) : 2
(4281, 38444) : 2
(527, 4211, 38444) : 2
(4211, 38444) : 2
(527, 38444) : 2
(11707, 17089) : 3
(1596, 16820, 17086, 42630, 44027, 49311, 51141) : 2
(49311, 51141) : 2
(1596, 16820, 17086, 42630, 44027, 51141) : 2
(44027, 51141) : 2
(1596, 16820, 17086, 42630, 51141) : 2
(42630, 51141) : 2
(1596, 16820, 17086, 51141) : 3
(17086, 51141) : 3
(1596, 16820, 51141) : 3
(16820, 51141) : 3
(1596, 51141) : 3
(5835, 30064, 73402) : 2
(30064, 73402) : 2
(5835, 73402) : 4
(3667, 4444, 84362) : 4
(4444, 84362) : 4
(3667, 84362) : 4
(4110, 30032) : 3
(13799, 18129) : 2
(16255, 93812) : 2
(13313, 93812) : 2
(1275, 26428) : 4
(2469, 31762, 37730, 39797) : 2
(37730, 39797) : 2
(2469, 31762, 39797) : 2
(31762, 39797) : 2
(2469, 39797) : 4
(13150, 58346) : 3
(16536, 21244) : 2
(1213, 2004, 10812) : 3
(2004, 10812) : 3
(1213, 10812) : 4
(4746, 6965, 76401) : 2
(6965, 76401) : 2
(4746, 76401) : 3
(2227, 30396) : 3
(10791, 80961) : 3
(5420, 28653) : 2
(1982, 57323) : 4
(7378, 79140) : 2
(607, 96604) : 2
(2239, 69848) : 2
(1275, 37076) : 4
(5427, 24470) : 3
(10413, 31717) : 4
(4432, 7669, 61616) : 3
(7669, 61616) : 3
(4432, 61616) : 3
(8244, 55018) : 3
(4094, 43179) : 4
(2286, 12399, 16229) : 2
(12399, 16229) : 2
(2286, 16229) : 3
(3333, 69132) : 3
(2948, 53290) : 2
(10413, 86958) : 4
(4499, 78463) : 4
(9552, 49339) : 2
(11415, 13151) : 3
(6344, 48952) : 3
(13840, 97922) : 2
(6944, 82974) : 2
(3010, 62218) : 4
(20433, 37163) : 2
(410, 13600, 14920) : 4
(13600, 14920) : 4
(410, 14920) : 4
(592, 2513) : 3
(6059, 27708) : 2
(48924, 91063) : 2
(3279, 71931) : 2
(6227, 67427) : 2
(4612, 41180) : 2
(2170, 3452, 89153) : 2
(3452, 89153) : 2
(2170, 89153) : 2
(6059, 23476) : 2
(6133, 12358, 16245, 20180, 65525) : 2
(20180, 65525) : 2
(6133, 12358, 16245, 65525) : 2
(16245, 65525) : 2
(6133, 12358, 65525) : 2
(12358, 65525) : 2
(6133, 65525) : 2
(2670, 58307) : 4
(16138, 64955) : 2
(4432, 7669, 60574) : 3
(7669, 60574) : 3
(4432, 60574) : 3
(25, 2645, 41260) : 3
(2645, 41260) : 3
(25, 41260) : 3
(1112, 3421) : 2
(13840, 40271) : 2
(1416, 30807) : 3
(1341, 9646, 60598) : 2
(9646, 60598) : 2
(1341, 60598) : 3
(8553, 20302, 32435, 66588) : 3
(32435, 66588) : 3
(8553, 20302, 66588) : 4
(20302, 66588) : 4
(8553, 66588) : 4
(12642, 77886) : 2
(189, 11707, 52078) : 2
(11707, 52078) : 2
(189, 52078) : 3
(592, 63277) : 4
(1175, 74611) : 4
(14292, 15995, 40982) : 3
(15995, 40982) : 3
(14292, 40982) : 3
(13150, 59493) : 2
(10413, 15755) : 4
(19702, 81020) : 2
(6687, 50812) : 2
(13428, 93361) : 3
(2469, 31762, 37730, 39797, 46019, 53473, 55392) : 2
(53473, 55392) : 2
(2469, 31762, 37730, 39797, 46019, 55392) : 2
(46019, 55392) : 2
(2469, 31762, 37730, 39797, 55392) : 2
(39797, 55392) : 2
(2469, 31762, 37730, 55392) : 2
(37730, 55392) : 2
(2469, 31762, 55392) : 2
(31762, 55392) : 2
(2469, 55392) : 4
(4110, 72468) : 3
(4110, 83011) : 3
(3392, 29515) : 2
(12438, 25387) : 2
(4432, 7669, 47676) : 3
(7669, 47676) : 3
(4432, 47676) : 3
(553, 5790) : 3
(15193, 17854, 31240) : 2
(17854, 31240) : 2
(15193, 31240) : 3
(6028, 56702) : 2
(673, 10657, 77766) : 3
(10657, 77766) : 3
(673, 77766) : 4
(1325, 80261) : 3
(3021, 47842) : 3
(6369, 9870, 98759) : 3
(9870, 98759) : 3
(6369, 98759) : 3
(5602, 12592, 68674) : 2
(12592, 68674) : 2
(5602, 68674) : 4
(1325, 61820) : 3
(13809, 35555, 39774, 53678, 53938, 55940) : 2
(53938, 55940) : 2
(13809, 35555, 39774, 53678, 55940) : 2
(53678, 55940) : 2
(13809, 35555, 39774, 55940) : 3
(39774, 55940) : 3
(13809, 35555, 55940) : 3
(35555, 55940) : 3
(13809, 55940) : 3
(8672, 23844, 71665) : 2
(23844, 71665) : 2
(8672, 71665) : 3
(7190, 12305, 24746, 51657, 92490) : 2
(51657, 92490) : 2
(7190, 12305, 24746, 92490) : 2
(24746, 92490) : 2
(7190, 12305, 92490) : 2
(12305, 92490) : 2
(7190, 92490) : 3
(592, 89044) : 4
(5699, 33579) : 2
(7190, 12305, 24746, 51657) : 2
(24746, 51657) : 2
(7190, 12305, 51657) : 2
(12305, 51657) : 2
(7190, 51657) : 3
(6059, 20728) : 2
(7368, 47863) : 2
(8661, 62572) : 3
(36, 24878) : 2
(9092, 68017) : 2
(13809, 35555, 39774) : 3
(35555, 39774) : 3
(13809, 39774) : 3
(6146, 10687, 77929) : 2
(10687, 77929) : 2
(6146, 77929) : 3
(13809, 35555, 39774, 53678, 53938, 55940, 59867, 86050) : 2
(59867, 86050) : 2
(13809, 35555, 39774, 53678, 53938, 55940, 86050) : 2
(55940, 86050) : 2
(13809, 35555, 39774, 53678, 53938, 86050) : 2
(53938, 86050) : 2
(13809, 35555, 39774, 53678, 86050) : 2
(53678, 86050) : 2
(13809, 35555, 39774, 86050) : 3
(39774, 86050) : 3
(13809, 35555, 86050) : 3
(35555, 86050) : 3
(13809, 86050) : 3
(8249, 13953) : 3
(17890, 28667, 61254) : 2
(28667, 61254) : 2
(17890, 61254) : 2
(1214, 11734) : 3
(1518, 6828) : 4
(3667, 4444, 80610) : 4
(4444, 80610) : 4
(3667, 80610) : 4
(442, 42081) : 2
(5578, 42081) : 2
(10687, 16196, 24772) : 2
(16196, 24772) : 2
(10687, 24772) : 2
(8249, 13953, 24416, 24440, 26543, 42647) : 2
(26543, 42647) : 2
(8249, 13953, 24416, 24440, 42647) : 2
(24440, 42647) : 2
(8249, 13953, 24416, 42647) : 2
(24416, 42647) : 2
(8249, 13953, 42647) : 3
(13953, 42647) : 3
(8249, 42647) : 3
(14584, 20067, 63189) : 2
(20067, 63189) : 2
(14584, 63189) : 2
(5578, 72916) : 2
(3010, 57088) : 4
(5602, 12592, 32532) : 2
(12592, 32532) : 2
(5602, 32532) : 4
(17871, 18132, 51798) : 2
(18132, 51798) : 2
(17871, 51798) : 2
(8647, 48528) : 3
(4390, 85530) : 2
(6811, 65052) : 2
(6146, 10687, 97854) : 2
(10687, 97854) : 2
(6146, 97854) : 3
(1518, 6828, 90112) : 3
(6828, 90112) : 3
(1518, 90112) : 4
(2998, 14285) : 2
(11272, 83923) : 2
(31519, 89436) : 2
(60, 30185) : 3
(20433, 48708) : 2
(17155, 96451) : 2
(9603, 23012) : 2
(4676, 54134) : 2
(2584, 10976) : 4
(8244, 58059) : 3
(4813, 46445) : 2
(8661, 95487) : 3
(1932, 4930, 6069) : 2
(4930, 6069) : 2
(1932, 6069) : 3
(3667, 4444, 66428) : 4
(4444, 66428) : 4
(3667, 66428) : 4
(5177, 6294, 7968) : 3
(6294, 7968) : 3
(5177, 7968) : 4
(4693, 75733) : 3
(850, 38358) : 4
(4499, 47063) : 4
(2699, 32036) : 4
(8672, 23844, 52520) : 2
(23844, 52520) : 2
(8672, 52520) : 3
(8553, 20302) : 4
(410, 13600, 14920, 24133, 96073) : 4
(24133, 96073) : 4
(410, 13600, 14920, 96073) : 4
(14920, 96073) : 4
(410, 13600, 96073) : 4
(13600, 96073) : 4
(410, 96073) : 4
(1596, 16820, 17086, 42630, 44027, 49311, 51141, 56880) : 2
(51141, 56880) : 2
(1596, 16820, 17086, 42630, 44027, 49311, 56880) : 2
(49311, 56880) : 2
(1596, 16820, 17086, 42630, 44027, 56880) : 2
(44027, 56880) : 2
(1596, 16820, 17086, 42630, 56880) : 2
(42630, 56880) : 2
(1596, 16820, 17086, 56880) : 3
(17086, 56880) : 3
(1596, 16820, 56880) : 3
(16820, 56880) : 3
(1596, 56880) : 3
(2858, 48944) : 2
(3864, 89089) : 2
(2413, 12874) : 3
(2469, 31762, 37730, 39797, 46019) : 2
(39797, 46019) : 2
(2469, 31762, 37730, 46019) : 2
(37730, 46019) : 2
(2469, 31762, 46019) : 2
(31762, 46019) : 2
(2469, 46019) : 4
(2936, 83273) : 2
(22215, 77222) : 2
(6028, 37550) : 2
(6475, 13313) : 2
(8244, 60161) : 3
(2584, 10976, 98719) : 3
(10976, 98719) : 3
(2584, 98719) : 4
(8672, 23844) : 3
(6369, 9870) : 3
(8347, 83602) : 2
(5177, 6294, 7968, 23126) : 3
(7968, 23126) : 3
(5177, 6294, 23126) : 3
(6294, 23126) : 3
(5177, 23126) : 4
(10413, 62583) : 4
(3683, 20400, 40220) : 3
(20400, 40220) : 3
(3683, 40220) : 3
(13428, 97495) : 3
(7954, 20974, 84504) : 3
(20974, 84504) : 3
(7954, 84504) : 3
(1995, 12305, 52755) : 3
(12305, 52755) : 3
(1995, 52755) : 4
(561, 16475) : 3
(2034, 3151, 86856) : 3
(3151, 86856) : 3
(2034, 86856) : 3
(2584, 10976, 73597) : 3
(10976, 73597) : 3
(2584, 73597) : 4
(2699, 63190) : 4
(3460, 4563) : 3
(850, 59438) : 4
(8347, 88940) : 2
(6028, 69515) : 2
(3140, 21083) : 3
(4612, 70336) : 2
(2759, 93086) : 2
(1325, 60012) : 3
(8244, 60159) : 3
(7190, 12305, 24746, 51657, 95398) : 2
(51657, 95398) : 2
(7190, 12305, 24746, 95398) : 2
(24746, 95398) : 2
(7190, 12305, 95398) : 2
(12305, 95398) : 2
(7190, 95398) : 3
(2413, 12874, 60581) : 3
(12874, 60581) : 3
(2413, 60581) : 3
(6316, 92716) : 2
(555, 5522, 74908) : 2
(5522, 74908) : 2
(555, 74908) : 2
(1596, 16820, 17086, 42630, 44027, 49311, 51141, 56880, 68745) : 2
(56880, 68745) : 2
(1596, 16820, 17086, 42630, 44027, 49311, 51141, 68745) : 2
(51141, 68745) : 2
(1596, 16820, 17086, 42630, 44027, 49311, 68745) : 2
(49311, 68745) : 2
(1596, 16820, 17086, 42630, 44027, 68745) : 2
(44027, 68745) : 2
(1596, 16820, 17086, 42630, 68745) : 2
(42630, 68745) : 2
(1596, 16820, 17086, 68745) : 3
(17086, 68745) : 3
(1596, 16820, 68745) : 3
(16820, 68745) : 3
(1596, 68745) : 3
(6146, 10687, 89921) : 2
(10687, 89921) : 2
(6146, 89921) : 3
(2699, 64887) : 4
(4432, 7669) : 3
(2469, 31762) : 4
(13809, 35555, 39774, 53678) : 3
(39774, 53678) : 3
(13809, 35555, 53678) : 3
(35555, 53678) : 3
(13809, 53678) : 3
(4847, 9242, 35811) : 2
(9242, 35811) : 2
(4847, 35811) : 2
(2469, 31762, 37730, 39797, 46019, 53473, 55392, 68839, 91626) : 2
(68839, 91626) : 2
(2469, 31762, 37730, 39797, 46019, 53473, 55392, 91626) : 2
(55392, 91626) : 2
(2469, 31762, 37730, 39797, 46019, 53473, 91626) : 2
(53473, 91626) : 2
(2469, 31762, 37730, 39797, 46019, 91626) : 2
(46019, 91626) : 2
(2469, 31762, 37730, 39797, 91626) : 2
(39797, 91626) : 2
(2469, 31762, 37730, 91626) : 2
(37730, 91626) : 2
(2469, 31762, 91626) : 2
(31762, 91626) : 2
(2469, 91626) : 4
(1451, 48520) : 4
(48924, 58662) : 2
(673, 10657) : 4
(8672, 23844, 91121) : 2
(23844, 91121) : 2
(8672, 91121) : 3
(10791, 63135) : 3
(1982, 77219) : 4
(4094, 5540) : 4
(3333, 93747) : 3
(3861, 26892) : 2
(3484, 28245) : 2
(3392, 65834) : 2
(25, 2645, 54199) : 3
(2645, 54199) : 3
(25, 54199) : 3
(3356, 26194, 36222) : 2
(26194, 36222) : 2
(3356, 36222) : 2
(5177, 6294, 7968, 77475) : 3
(7968, 77475) : 3
(5177, 6294, 77475) : 3
(6294, 77475) : 3
(5177, 77475) : 4
(19181, 22484, 23100, 31595, 87232) : 2
(31595, 87232) : 2
(19181, 22484, 23100, 87232) : 2
(23100, 87232) : 2
(19181, 22484, 87232) : 2
(22484, 87232) : 2
(19181, 87232) : 2
(13058, 29548) : 2
(234, 9200, 42270) : 2
(9200, 42270) : 2
(234, 42270) : 3
(410, 13600, 14920, 24133, 89033) : 4
(24133, 89033) : 4
(410, 13600, 14920, 89033) : 4
(14920, 89033) : 4
(410, 13600, 89033) : 4
(13600, 89033) : 4
(410, 89033) : 4
(4412, 95718) : 3
(7954, 20974, 42842) : 3
(20974, 42842) : 3
(7954, 42842) : 3
(5004, 33137) : 2
(6318, 7044, 26630, 33137) : 2
(26630, 33137) : 2
(6318, 7044, 33137) : 2
(7044, 33137) : 2
(6318, 33137) : 2
(6059, 80246) : 2
(8347, 74096) : 2
(2884, 46558) : 3
(5036, 33698) : 3
(5602, 12592, 35175) : 2
(12592, 35175) : 2
(5602, 35175) : 4
(4582, 30324) : 2
(6470, 52304) : 2
(3333, 69455) : 3
(2469, 31762, 37730, 39797, 46019, 53473) : 2
(46019, 53473) : 2
(2469, 31762, 37730, 39797, 53473) : 2
(39797, 53473) : 2
(2469, 31762, 37730, 53473) : 2
(37730, 53473) : 2
(2469, 31762, 53473) : 2
(31762, 53473) : 2
(2469, 53473) : 4
(395, 3271, 5164, 10216) : 2
(395, 3271, 10216) : 2
(395, 10216) : 2
(3271, 5164, 10216) : 2
(5164, 10216) : 4
(3271, 10216) : 4
(1982, 53505) : 4
(8782, 23007, 71735) : 2
(23007, 71735) : 2
(8782, 71735) : 2
(4693, 43218) : 3
(5056, 55408) : 2
(1596, 16820, 17086, 42630, 44027, 49311) : 2
(44027, 49311) : 2
(1596, 16820, 17086, 42630, 49311) : 2
(42630, 49311) : 2
(1596, 16820, 17086, 49311) : 3
(17086, 49311) : 3
(1596, 16820, 49311) : 3
(16820, 49311) : 3
(1596, 49311) : 3
(592, 16655) : 4
(8347, 47420) : 2
(12438, 26954) : 2
(4499, 84054) : 4
(33104, 57540, 80309) : 2
(57540, 80309) : 2
(33104, 80309) : 2
(2699, 67717) : 4
(1185, 70378) : 2
(1332, 70378) : 2
(20433, 81964) : 2
(4100, 26706) : 3
(2629, 22779, 43314) : 2
(22779, 43314) : 2
(2629, 43314) : 2
(13428, 56003) : 3
(189, 11707, 45550) : 2
(11707, 45550) : 2
(189, 45550) : 3
(2469, 31762, 37730) : 2
(31762, 37730) : 2
(2469, 37730) : 4
(8647, 96452) : 3
(17890, 28667) : 2
(16138, 21096) : 2
(1982, 96925) : 4
(1982, 61415) : 4
(8661, 18740) : 3
(2025, 97371) : 3
(5976, 62545) : 2
(6080, 14148, 98129) : 3
(14148, 98129) : 3
(6080, 98129) : 3
(664, 10256) : 2
(1226, 27405) : 2
(1412, 1999, 48856) : 5
(1999, 48856) : 5
(1412, 48856) : 5
(2112, 61282) : 3
(4612, 96816) : 2
(9417, 87396) : 3
(6944, 69652) : 2
(683, 16684, 43744) : 3
(16684, 43744) : 3
(683, 43744) : 5
(23028, 48777) : 3
(2445, 11447, 28133, 31374, 34820) : 4
(31374, 34820) : 4
(2445, 11447, 28133, 34820) : 4
(28133, 34820) : 4
(2445, 11447, 34820) : 4
(11447, 34820) : 4
(2445, 34820) : 4
(12581, 17965) : 2
(8782, 23007, 43610) : 2
(23007, 43610) : 2
(8782, 43610) : 3
(344, 52909) : 5
(2726, 33317) : 5
(2445, 11447, 28133, 31374, 90796) : 4
(31374, 90796) : 4
(2445, 11447, 28133, 90796) : 4
(28133, 90796) : 4
(2445, 11447, 90796) : 4
(11447, 90796) : 4
(2445, 90796) : 4
(2952, 17560) : 4
(14584, 20067, 49432) : 2
(20067, 49432) : 2
(14584, 49432) : 2
(809, 84006) : 2
(3745, 7891, 84006) : 2
(7891, 84006) : 2
(3745, 84006) : 2
(12088, 13113) : 2
(6392, 33024) : 2
(20433, 87989) : 2
(683, 16684, 46803) : 3
(16684, 46803) : 3
(683, 46803) : 5
(17155, 52685) : 2
(4094, 38838) : 5
(6059, 42347) : 2
(7955, 20527) : 2
(1213, 75344) : 4
(1557, 94366) : 2
(21199, 35170, 49639) : 2
(35170, 49639) : 2
(21199, 49639) : 2
(11415, 58642) : 4
(33104, 57540, 80309, 92797) : 2
(80309, 92797) : 2
(33104, 57540, 92797) : 2
(57540, 92797) : 2
(33104, 92797) : 2
(1412, 1999, 79762) : 5
(1999, 79762) : 5
(1412, 79762) : 5
(7186, 21736, 24432) : 3
(21736, 24432) : 3
(7186, 24432) : 4
(5817, 48924) : 2
(6369, 9870, 93962) : 3
(9870, 93962) : 3
(6369, 93962) : 3
(2286, 12399, 16229, 56928) : 2
(16229, 56928) : 2
(2286, 12399, 56928) : 2
(12399, 56928) : 2
(2286, 56928) : 3
(4012, 59035) : 5
(19797, 79511) : 3
(8803, 44386) : 4
(13428, 52606) : 3
(6137, 40480) : 3
(1175, 48576) : 4
(1412, 1999, 93642) : 5
(1999, 93642) : 5
(1412, 93642) : 5
(20626, 60890) : 2
(3932, 77061) : 3
(1610, 3696) : 2
(17155, 75235) : 2
(8803, 26491) : 4
(6422, 47487) : 2
(435, 47487) : 2
(8348, 19579, 21330, 21862, 33494, 38783, 99459) : 2
(38783, 99459) : 2
(8348, 19579, 21330, 21862, 33494, 99459) : 2
(33494, 99459) : 2
(8348, 19579, 21330, 21862, 99459) : 2
(21862, 99459) : 2
(8348, 19579, 21330, 99459) : 2
(21330, 99459) : 2
(8348, 19579, 99459) : 2
(19579, 99459) : 2
(8348, 99459) : 3
(7252, 21264, 27455, 74140) : 2
(27455, 74140) : 2
(7252, 21264, 74140) : 3
(21264, 74140) : 3
(7252, 74140) : 3
(17155, 84690) : 2
(2489, 10021, 13773) : 2
(10021, 13773) : 2
(2489, 13773) : 3
(344, 95602) : 5
(571, 73814) : 5
(7955, 25623) : 2
(6714, 51646) : 3
(8803, 80320) : 4
(7954, 20974, 33335) : 3
(20974, 33335) : 3
(7954, 33335) : 3
(5366, 60961) : 4
(19797, 80870) : 3
(3356, 26194, 38398) : 2
(26194, 38398) : 2
(3356, 38398) : 2
(571, 25581) : 5
(8249, 13953, 24416, 24440, 26543) : 2
(24440, 26543) : 2
(8249, 13953, 24416, 26543) : 2
(24416, 26543) : 2
(8249, 13953, 26543) : 3
(13953, 26543) : 3
(8249, 26543) : 3
(4661, 26730) : 3
(6195, 26730) : 2
(8348, 19579, 21330, 21862, 33494, 38783, 94425) : 2
(38783, 94425) : 2
(8348, 19579, 21330, 21862, 33494, 94425) : 2
(33494, 94425) : 2
(8348, 19579, 21330, 21862, 94425) : 2
(21862, 94425) : 2
(8348, 19579, 21330, 94425) : 2
(21330, 94425) : 2
(8348, 19579, 94425) : 2
(19579, 94425) : 2
(8348, 94425) : 3
(8348, 19579, 21330, 21862) : 2
(21330, 21862) : 2
(8348, 19579, 21862) : 2
(19579, 21862) : 2
(8348, 21862) : 3
(5287, 17140) : 2
(4999, 6810, 11588) : 2
(6810, 11588) : 2
(4999, 11588) : 2
(4841, 43689) : 2
(15193, 87149) : 3
(10205, 19413, 56588) : 3
(19413, 56588) : 3
(10205, 56588) : 4
(571, 64910) : 5
(12939, 14272, 34159, 44220, 70869) : 4
(44220, 70869) : 4
(12939, 14272, 34159, 70869) : 4
(34159, 70869) : 4
(12939, 14272, 70869) : 4
(14272, 70869) : 4
(12939, 70869) : 4
(33104, 57540) : 2
(11707, 72623) : 3
(2726, 44361) : 5
(1827, 12523, 48161, 48980) : 2
(48161, 48980) : 2
(1827, 12523, 48980) : 3
(12523, 48980) : 3
(1827, 48980) : 4
(8620, 64659) : 2
(1265, 42823) : 2
(23028, 71473) : 3
(10205, 19413) : 4
(1871, 76681) : 2
(2489, 10021, 13773, 76681) : 2
(13773, 76681) : 2
(2489, 10021, 76681) : 2
(10021, 76681) : 2
(2489, 76681) : 3
(6156, 9581, 19057) : 2
(9581, 19057) : 2
(6156, 19057) : 2
(1762, 21008) : 5
(344, 25998) : 5
(9326, 25595, 50026, 56638, 59215) : 2
(56638, 59215) : 2
(9326, 25595, 50026, 59215) : 2
(50026, 59215) : 2
(9326, 25595, 59215) : 2
(25595, 59215) : 2
(9326, 59215) : 2
(1581, 3942, 41335) : 4
(3942, 41335) : 4
(1581, 41335) : 4
(6080, 14148, 24918) : 3
(14148, 24918) : 3
(6080, 24918) : 3
(20626, 74087) : 2
(14003, 25158) : 2
(13428, 72265) : 3
(2098, 80829) : 4
(2445, 11447) : 4
(5524, 94021) : 3
(2726, 87320) : 5
(2098, 19107) : 4
(14584, 20067, 65590) : 2
(20067, 65590) : 2
(14584, 65590) : 2
(1341, 9646, 98803) : 2
(9646, 98803) : 2
(1341, 98803) : 4
(17890, 28667, 78460) : 2
(28667, 78460) : 2
(17890, 78460) : 2
(15193, 46274) : 3
(155, 83802) : 2
(553, 5790, 83802) : 3
(5790, 83802) : 3
(553, 83802) : 3
(6944, 25541) : 2
(4130, 18474) : 5
(12939, 14272, 34159, 44220) : 4
(34159, 44220) : 4
(12939, 14272, 44220) : 4
(14272, 44220) : 4
(12939, 44220) : 4
(2948, 24034) : 2
(5427, 24470, 74702) : 2
(24470, 74702) : 2
(5427, 74702) : 3
(4999, 6810) : 2
(13150, 26398) : 3
(9743, 13055) : 4
(4012, 59035, 99224) : 2
(59035, 99224) : 2
(4012, 99224) : 5
(21188, 28827, 31342, 83003) : 2
(31342, 83003) : 2
(21188, 28827, 83003) : 2
(28827, 83003) : 2
(21188, 83003) : 2
(1689, 62150) : 2
(2098, 6376) : 4
(17155, 77997) : 2
(3010, 66392) : 5
(344, 43799) : 5
(9432, 19341, 31270, 43905, 68454, 77021) : 2
(68454, 77021) : 2
(9432, 19341, 31270, 43905, 77021) : 2
(43905, 77021) : 2
(9432, 19341, 31270, 77021) : 2
(31270, 77021) : 2
(9432, 19341, 77021) : 2
(19341, 77021) : 2
(9432, 77021) : 2
(4427, 77021) : 2
(2726, 50720) : 5
(16978, 85601) : 3
(2726, 96892) : 5
(6059, 72761) : 2
(8348, 19579) : 3
(5524, 83680) : 3
(9743, 13055, 13806) : 4
(13055, 13806) : 4
(9743, 13806) : 4
(14584, 20067) : 2
(3010, 91412) : 5
(4374, 6259, 10471, 62996) : 2
(10471, 62996) : 2
(4374, 6259, 62996) : 2
(6259, 62996) : 2
(4374, 62996) : 2
(7134, 62996) : 3
(2445, 11447, 28133) : 4
(11447, 28133) : 4
(2445, 28133) : 4
(19702, 89564) : 2
(1843, 69630) : 2
(8348, 19579, 21330, 21862, 33494) : 2
(21862, 33494) : 2
(8348, 19579, 21330, 33494) : 2
(21330, 33494) : 2
(8348, 19579, 33494) : 2
(19579, 33494) : 2
(8348, 33494) : 3
(15193, 52013) : 3
(2098, 49966) : 4
(7955, 14425) : 2
(571, 94288) : 5
(2444, 57115) : 2
(10413, 78656) : 4
(2026, 89661) : 4
(5427, 33102) : 2
(8782, 23007, 36238) : 2
(23007, 36238) : 2
(8782, 36238) : 3
(4999, 6810, 85695) : 2
(6810, 85695) : 2
(4999, 85695) : 2
(4914, 80473) : 5
(4553, 22058) : 3
(4914, 53991) : 5
(683, 16684) : 5
(19797, 47866) : 3
(2489, 10021, 13773, 16758) : 2
(13773, 16758) : 2
(2489, 10021, 16758) : 2
(10021, 16758) : 2
(2489, 16758) : 3
(6028, 22981) : 2
(13428, 83829) : 3
(2025, 69276) : 3
(1827, 12523, 48161) : 3
(12523, 48161) : 3
(1827, 48161) : 4
(4813, 67085) : 2
(5435, 83253) : 4
(1827, 12523, 48161, 48980, 55482) : 2
(48980, 55482) : 2
(1827, 12523, 48161, 55482) : 2
(48161, 55482) : 2
(1827, 12523, 55482) : 3
(12523, 55482) : 3
(1827, 55482) : 3
(12939, 14272, 34159, 44220, 70869, 83269) : 4
(70869, 83269) : 4
(12939, 14272, 34159, 44220, 83269) : 4
(44220, 83269) : 4
(12939, 14272, 34159, 83269) : 4
(34159, 83269) : 4
(12939, 14272, 83269) : 4
(14272, 83269) : 4
(12939, 83269) : 4
(7955, 54492) : 2
(12438, 66582) : 2
(6292, 79723) : 3
(20626, 59233) : 2
(1988, 78290) : 4
(9417, 38671) : 3
(1610, 3696, 48234) : 2
(3696, 48234) : 2
(1610, 48234) : 2
(1412, 1999, 26544) : 5
(1999, 26544) : 5
(1412, 26544) : 5
(2445, 11447, 28133, 31374) : 4
(28133, 31374) : 4
(2445, 11447, 31374) : 4
(11447, 31374) : 4
(2445, 31374) : 4
(3667, 4444, 25964) : 4
(4444, 25964) : 4
(3667, 25964) : 4
(13313, 29776) : 2
(5427, 24470, 80454) : 2
(24470, 80454) : 2
(5427, 80454) : 3
(12221, 70195) : 2
(4412, 40853) : 3
(12939, 14272) : 4
(21188, 28827, 31342) : 2
(28827, 31342) : 2
(21188, 31342) : 2
(8850, 95232) : 2
(9743, 13055, 13806, 46120) : 4
(13806, 46120) : 4
(9743, 13055, 46120) : 4
(13055, 46120) : 4
(9743, 46120) : 4
(18182, 41765) : 2
(4914, 47626) : 5
(1827, 12523) : 4
(11415, 25410) : 3
(6131, 6197) : 3
(2726, 13766) : 5
(1175, 52418) : 4
(6137, 55817) : 3
(405, 2102, 13621, 21469, 28340, 43086, 49046, 76493) : 3
(49046, 76493) : 3
(405, 2102, 13621, 21469, 28340, 43086, 76493) : 3
(43086, 76493) : 3
(405, 2102, 13621, 21469, 28340, 76493) : 3
(28340, 76493) : 3
(405, 2102, 13621, 21469, 76493) : 3
(21469, 76493) : 3
(405, 2102, 13621, 76493) : 3
(13621, 76493) : 3
(405, 2102, 76493) : 6
(2102, 76493) : 6
(405, 76493) : 6
(4130, 59757) : 5
(7186, 21736, 24432, 24487, 34719, 43511) : 3
(34719, 43511) : 3
(7186, 21736, 24432, 24487, 43511) : 3
(24487, 43511) : 3
(7186, 21736, 24432, 43511) : 3
(24432, 43511) : 3
(7186, 21736, 43511) : 3
(21736, 43511) : 3
(7186, 43511) : 4
(7186, 21736, 24432, 24487, 34719, 43511, 45761, 48574) : 3
(45761, 48574) : 3
(7186, 21736, 24432, 24487, 34719, 43511, 48574) : 3
(43511, 48574) : 3
(7186, 21736, 24432, 24487, 34719, 48574) : 3
(34719, 48574) : 3
(7186, 21736, 24432, 24487, 48574) : 3
(24487, 48574) : 3
(7186, 21736, 24432, 48574) : 3
(24432, 48574) : 3
(7186, 21736, 48574) : 3
(21736, 48574) : 3
(7186, 48574) : 4
(7186, 21736, 24432, 24487, 34719) : 3
(24487, 34719) : 3
(7186, 21736, 24432, 34719) : 3
(24432, 34719) : 3
(7186, 21736, 34719) : 3
(21736, 34719) : 3
(7186, 34719) : 4
(4612, 49936) : 2
(6080, 14148, 44776) : 3
(14148, 44776) : 3
(6080, 44776) : 3
(5435, 82915) : 5
(8348, 19579, 21330) : 2
(19579, 21330) : 2
(8348, 21330) : 3
(2286, 12399, 16229, 19703) : 2
(16229, 19703) : 2
(2286, 12399, 19703) : 2
(12399, 19703) : 2
(2286, 19703) : 3
(3882, 73735) : 2
(8347, 73735) : 2
(1581, 3942, 32068) : 5
(3942, 32068) : 5
(1581, 32068) : 5
(1762, 88825) : 6
(1762, 9373) : 6
(5427, 24470, 42218) : 2
(24470, 42218) : 2
(5427, 42218) : 3
(2699, 19366) : 4
(2584, 19366) : 2
(7186, 21736, 24432, 24487, 34719, 43511, 45761, 48574, 49592) : 3
(48574, 49592) : 3
(7186, 21736, 24432, 24487, 34719, 43511, 45761, 49592) : 3
(45761, 49592) : 3
(7186, 21736, 24432, 24487, 34719, 43511, 49592) : 3
(43511, 49592) : 3
(7186, 21736, 24432, 24487, 34719, 49592) : 3
(34719, 49592) : 3
(7186, 21736, 24432, 24487, 49592) : 3
(24487, 49592) : 3
(7186, 21736, 24432, 49592) : 3
(24432, 49592) : 3
(7186, 21736, 49592) : 3
(21736, 49592) : 3
(7186, 49592) : 4
(6369, 9870, 62565) : 3
(9870, 62565) : 3
(6369, 62565) : 4
(395, 3271, 5164, 26494) : 2
(5164, 26494) : 2
(395, 3271, 26494) : 2
(3271, 26494) : 2
(395, 26494) : 2
(1259, 5483) : 3
(21452, 21961, 44091) : 4
(21961, 44091) : 4
(21452, 44091) : 4
(20433, 25092) : 2
(1293, 39472) : 3
(7252, 21264) : 4
(3213, 7793, 39721) : 6
(7793, 39721) : 6
(3213, 39721) : 6
(7186, 21736) : 4
(2445, 11447, 28133, 31374, 84554) : 4
(31374, 84554) : 4
(2445, 11447, 28133, 84554) : 4
(28133, 84554) : 4
(2445, 11447, 84554) : 4
(11447, 84554) : 4
(2445, 84554) : 4
(10205, 91924) : 5
(132, 43408) : 6
(6570, 35939) : 3
(6059, 42700) : 2
(3213, 7793, 23237) : 6
(7793, 23237) : 6
(3213, 23237) : 6
(12438, 95905) : 2
(12642, 76175) : 2
(1995, 12305, 88541) : 3
(12305, 88541) : 3
(1995, 88541) : 4
(1581, 3942, 73966) : 5
(3942, 73966) : 5
(1581, 73966) : 5
(1952, 7551, 89643) : 4
(7551, 89643) : 4
(1952, 89643) : 4
(1932, 4930, 6069, 16335) : 2
(6069, 16335) : 2
(1932, 4930, 16335) : 2
(4930, 16335) : 2
(1932, 16335) : 3
(15917, 51827) : 2
(435, 72695) : 2
(8620, 30895) : 2
(4012, 59035, 68135) : 2
(59035, 68135) : 2
(4012, 68135) : 5
(6080, 14148, 37321) : 3
(14148, 37321) : 3
(6080, 37321) : 3
(405, 2102, 13621, 21469, 28340, 43086) : 3
(28340, 43086) : 3
(405, 2102, 13621, 21469, 43086) : 3
(21469, 43086) : 3
(405, 2102, 13621, 43086) : 3
(13621, 43086) : 3
(405, 2102, 43086) : 6
(2102, 43086) : 6
(405, 43086) : 6
(405, 2102, 13621) : 6
(2102, 13621) : 6
(405, 13621) : 6
(7252, 21264, 27455) : 4
(21264, 27455) : 4
(7252, 27455) : 4
(5435, 82747) : 5
(132, 43408, 49355) : 3
(43408, 49355) : 3
(132, 49355) : 6
(4012, 59035, 61488) : 2
(59035, 61488) : 2
(4012, 61488) : 5
(14414, 44245) : 2
(4753, 64214) : 5
(6028, 74956) : 2
(12221, 56073) : 2
(7186, 21736, 24432, 24487, 34719, 43511, 45761, 48574, 49592, 61360) : 3
(49592, 61360) : 3
(7186, 21736, 24432, 24487, 34719, 43511, 45761, 48574, 61360) : 3
(48574, 61360) : 3
(7186, 21736, 24432, 24487, 34719, 43511, 45761, 61360) : 3
(45761, 61360) : 3
(7186, 21736, 24432, 24487, 34719, 43511, 61360) : 3
(43511, 61360) : 3
(7186, 21736, 24432, 24487, 34719, 61360) : 3
(34719, 61360) : 3
(7186, 21736, 24432, 24487, 61360) : 3
(24487, 61360) : 3
(7186, 21736, 24432, 61360) : 3
(24432, 61360) : 3
(7186, 21736, 61360) : 3
(21736, 61360) : 3
(7186, 61360) : 4
(20626, 98922) : 3
(565, 85057) : 2
(3010, 85057) : 4
(4130, 29340) : 4
(8661, 94359) : 3
(7252, 21264, 27455, 87602) : 3
(27455, 87602) : 3
(7252, 21264, 87602) : 4
(21264, 87602) : 4
(7252, 87602) : 4
(6470, 10700) : 2
(835, 10700) : 2
(12577, 16280, 68563) : 2
(16280, 68563) : 2
(12577, 68563) : 2
(16978, 68563) : 2
(7186, 21736, 24432, 24487, 34719, 43511, 45761, 48574, 49592, 61360, 98494) : 3
(61360, 98494) : 3
(7186, 21736, 24432, 24487, 34719, 43511, 45761, 48574, 49592, 98494) : 3
(49592, 98494) : 3
(7186, 21736, 24432, 24487, 34719, 43511, 45761, 48574, 98494) : 3
(48574, 98494) : 3
(7186, 21736, 24432, 24487, 34719, 43511, 45761, 98494) : 3
(45761, 98494) : 3
(7186, 21736, 24432, 24487, 34719, 43511, 98494) : 3
(43511, 98494) : 3
(7186, 21736, 24432, 24487, 34719, 98494) : 3
(34719, 98494) : 3
(7186, 21736, 24432, 24487, 98494) : 3
(24487, 98494) : 3
(7186, 21736, 24432, 98494) : 3
(24432, 98494) : 3
(7186, 21736, 98494) : 3
(21736, 98494) : 3
(7186, 98494) : 4
(2936, 16338) : 2
(12939, 14272, 34159) : 4
(14272, 34159) : 4
(12939, 34159) : 4
(4746, 6965, 27406) : 2
(6965, 27406) : 2
(4746, 27406) : 3
(6448, 7214, 22403) : 4
(7214, 22403) : 4
(6448, 22403) : 4
(405, 2102) : 6
(8782, 23007) : 3
(1762, 55732) : 6
(1341, 9646, 68748) : 2
(9646, 68748) : 2
(1341, 68748) : 4
(2952, 7920) : 5
(19797, 44958) : 3
(7186, 21736, 24432, 24487) : 3
(24432, 24487) : 3
(7186, 21736, 24487) : 3
(21736, 24487) : 3
(7186, 24487) : 4
(4676, 19081) : 2
(561, 60572) : 3
(5088, 60572) : 2
(6448, 7214) : 4
(7252, 21264, 27455, 49615) : 3
(27455, 49615) : 3
(7252, 21264, 49615) : 4
(21264, 49615) : 4
(7252, 49615) : 4
(6004, 13371, 41571) : 3
(13371, 41571) : 3
(6004, 41571) : 5
(4753, 22551) : 5
(2428, 54669) : 2
(28149, 54669) : 2
(3542, 3559) : 2
(21452, 21961, 44091, 99907) : 2
(44091, 99907) : 2
(21452, 21961, 99907) : 3
(21961, 99907) : 3
(21452, 99907) : 3
(1952, 7551, 78422) : 4
(7551, 78422) : 4
(1952, 78422) : 4
(6448, 7214, 50433) : 4
(7214, 50433) : 4
(6448, 50433) : 4
(4661, 91946) : 3
(6195, 91946) : 2
(1581, 3942) : 5
(4753, 38164) : 5
(7625, 43688) : 3
(4130, 77470) : 5
(19797, 67131) : 3
(925, 72582) : 5
(9603, 26391) : 2
(7186, 21736, 24432, 24487, 34719, 43511, 45761) : 3
(43511, 45761) : 3
(7186, 21736, 24432, 24487, 34719, 45761) : 3
(34719, 45761) : 3
(7186, 21736, 24432, 24487, 45761) : 3
(24487, 45761) : 3
(7186, 21736, 24432, 45761) : 3
(24432, 45761) : 3
(7186, 21736, 45761) : 3
(21736, 45761) : 3
(7186, 45761) : 4
(10687, 16196) : 2
(405, 2102, 13621, 21469) : 3
(13621, 21469) : 3
(405, 2102, 21469) : 6
(2102, 21469) : 6
(405, 21469) : 6
(6369, 9870, 71571) : 3
(9870, 71571) : 3
(6369, 71571) : 4
(405, 2102, 13621, 21469, 28340, 43086, 49046) : 3
(43086, 49046) : 3
(405, 2102, 13621, 21469, 28340, 49046) : 3
(28340, 49046) : 3
(405, 2102, 13621, 21469, 49046) : 3
(21469, 49046) : 3
(405, 2102, 13621, 49046) : 3
(13621, 49046) : 3
(405, 2102, 49046) : 6
(2102, 49046) : 6
(405, 49046) : 6
(21452, 21961) : 4
(4753, 20182) : 5
(4094, 78693) : 5
(1596, 16820) : 3
(405, 2102, 13621, 21469, 28340, 43086, 49046, 76493, 92762) : 3
(76493, 92762) : 3
(405, 2102, 13621, 21469, 28340, 43086, 49046, 92762) : 3
(49046, 92762) : 3
(405, 2102, 13621, 21469, 28340, 43086, 92762) : 3
(43086, 92762) : 3
(405, 2102, 13621, 21469, 28340, 92762) : 3
(28340, 92762) : 3
(405, 2102, 13621, 21469, 92762) : 3
(21469, 92762) : 3
(405, 2102, 13621, 92762) : 3
(13621, 92762) : 3
(405, 2102, 92762) : 6
(2102, 92762) : 6
(405, 92762) : 6
(1213, 41434) : 4
(612, 2998, 73899) : 3
(2998, 73899) : 3
(612, 73899) : 5
(2998, 73899) : 2
(1293, 29727) : 3
(1275, 29727) : 3
(1581, 3942, 68468) : 5
(3942, 68468) : 5
(1581, 68468) : 5
(6004, 13371, 25279) : 3
(13371, 25279) : 3
(6004, 25279) : 5
(8766, 39584) : 3
(13840, 39584) : 2
(2489, 10021, 13773, 42427) : 2
(13773, 42427) : 2
(2489, 10021, 42427) : 2
(10021, 42427) : 2
(2489, 42427) : 3
(5310, 97757) : 4
(374, 9219) : 2
(7692, 49627) : 6
(5310, 89180) : 4
(3542, 3559, 64853) : 2
(3559, 64853) : 2
(3542, 64853) : 2
(4499, 64853) : 4
(10120, 15832) : 4
(4278, 22769) : 2
(2098, 58198) : 4
(612, 2998) : 5
(1952, 7551) : 4
(6080, 14148, 54782) : 3
(14148, 54782) : 3
(6080, 54782) : 3
(7103, 80746) : 3
(2838, 54239) : 2
(410, 13600, 14920, 24133, 54239) : 4
(24133, 54239) : 4
(410, 13600, 14920, 54239) : 4
(14920, 54239) : 4
(410, 13600, 54239) : 4
(13600, 54239) : 4
(410, 54239) : 4
(6137, 48893) : 2
(11272, 60970) : 2
(2824, 67245) : 7
(4130, 22360) : 5
(7692, 39942) : 5
(612, 2998, 94645) : 3
(2998, 94645) : 3
(612, 94645) : 5
(14870, 31125, 49321, 94645) : 2
(49321, 94645) : 2
(14870, 31125, 94645) : 2
(31125, 94645) : 2
(14870, 94645) : 2
(5310, 65584) : 4
(3213, 7793, 69962) : 7
(7793, 69962) : 7
(3213, 69962) : 7
(395, 3271) : 2
(7014, 7352) : 3
(4412, 47081) : 2
(1284, 47081) : 3
(132, 43408, 73272) : 3
(43408, 73272) : 3
(132, 73272) : 6
(3051, 42375) : 2
(1581, 3942, 97286) : 5
(3942, 97286) : 5
(1581, 97286) : 5
(12088, 13113, 77052) : 2
(13113, 77052) : 2
(12088, 77052) : 2
(2824, 54338) : 7
(1412, 1999, 55737) : 6
(1999, 55737) : 6
(1412, 55737) : 7
(16218, 81662) : 3
(8782, 9786, 43783) : 2
(9786, 43783) : 2
(8782, 23007, 43783) : 2
(23007, 43783) : 2
(8782, 43783) : 5
(12939, 14272, 34159, 44220, 70869, 83269, 98855) : 4
(83269, 98855) : 4
(12939, 14272, 34159, 44220, 70869, 98855) : 4
(70869, 98855) : 4
(12939, 14272, 34159, 44220, 98855) : 4
(44220, 98855) : 4
(12939, 14272, 34159, 98855) : 4
(34159, 98855) : 4
(12939, 14272, 98855) : 4
(14272, 98855) : 4
(12939, 98855) : 4
(2824, 89848) : 7
(3882, 67513) : 2
(8553, 20302, 32435) : 4
(20302, 32435) : 4
(8553, 32435) : 4
(21421, 44963) : 2
(10174, 30080) : 3
(527, 3192) : 8
(4661, 6195) : 2
(1952, 7551, 22422) : 4
(7551, 22422) : 4
(1952, 22422) : 4
(1416, 75688) : 2
(3213, 7793, 62898) : 7
(7793, 62898) : 7
(3213, 62898) : 7
(6146, 10687) : 3
(16978, 57081) : 3
(405, 2102, 13621, 21469, 28340) : 3
(21469, 28340) : 3
(405, 2102, 13621, 28340) : 3
(13621, 28340) : 3
(405, 2102, 28340) : 6
(2102, 28340) : 6
(405, 28340) : 6
(21211, 79418) : 2
(3932, 76266) : 3
(2824, 73973) : 6
(5310, 92002) : 4
(527, 3192, 14000) : 6
(3192, 14000) : 6
(527, 14000) : 8
(1416, 37792) : 3
(1990, 2479, 97488) : 8
(2479, 97488) : 8
(1990, 97488) : 8
(2998, 24374) : 2
(10120, 68908) : 4
(2341, 28083) : 4
(2731, 28083) : 4
(10174, 30080, 70257) : 3
(30080, 70257) : 3
(10174, 70257) : 3
(1990, 2479, 91793) : 8
(2479, 91793) : 8
(1990, 91793) : 8
(5524, 85625) : 3
(10694, 79910) : 3
(234, 79910) : 4
(1990, 2479) : 8
(1990, 2479, 86572) : 8
(2479, 86572) : 8
(1990, 86572) : 8
(4100, 61162) : 4
(3667, 4444, 61162) : 3
(4444, 61162) : 3
(3667, 61162) : 3
(1990, 2479, 81190) : 8
(2479, 81190) : 8
(1990, 81190) : 8
(3008, 7328) : 2
(4100, 30375) : 4
(6004, 13371) : 5
(8782, 9786, 57992) : 2
(9786, 57992) : 2
(8782, 23007, 57992) : 2
(23007, 57992) : 2
(8782, 57992) : 5
(25063, 32343, 32639) : 3
(32343, 32639) : 3
(25063, 32639) : 3
(527, 3192, 19009) : 7
(3192, 19009) : 7
(527, 19009) : 9
(10506, 47783, 60708) : 2
(47783, 60708) : 2
(10506, 60708) : 7
(132, 43408, 65108) : 3
(43408, 65108) : 3
(132, 65108) : 5
(527, 3192, 23130) : 7
(3192, 23130) : 7
(527, 23130) : 9
(4999, 6810, 39047) : 2
(6810, 39047) : 2
(4999, 39047) : 2
(2114, 56827) : 2
(25063, 32343, 32639, 50381) : 3
(32639, 50381) : 3
(25063, 32343, 50381) : 3
(32343, 50381) : 3
(25063, 50381) : 3
(10506, 47783) : 7
(5310, 90275) : 4
(21421, 91572) : 2
(7990, 8852) : 2
(324, 74472) : 3
(1265, 74472) : 2
(25063, 32343) : 3
(14292, 15995) : 3
(16978, 85836) : 3
(27947, 85836) : 2
(1412, 1999) : 6
(5177, 6294, 7968, 99490) : 3
(7968, 99490) : 3
(5177, 6294, 99490) : 3
(6294, 99490) : 3
(5177, 99490) : 4
(10506, 47783, 60708, 76408, 76467) : 2
(76408, 76467) : 2
(10506, 47783, 60708, 76467) : 2
(60708, 76467) : 2
(10506, 47783, 76467) : 2
(47783, 76467) : 2
(10506, 76467) : 7
(6672, 7793) : 2
(3213, 7793) : 7
(1755, 6004) : 3
(6080, 14148) : 3
(4914, 67992) : 5
(1995, 12305) : 5
(7190, 12305) : 3
(5310, 88369) : 4
(925, 50046) : 2
(6195, 68245) : 5
(527, 3192, 61424) : 7
(3192, 61424) : 7
(527, 61424) : 9
